Loan_ID	Gender	Married	Dependents	Education	Self_Employed	ApplicantIncome	CoapplicantIncome	LoanAmount	Loan_Amount_Term	Credit_History	Property_Area	Loan_Status
LP001003	1	1	1	1	0	6	3	2	360	1	2	N
LP001005	1	1	0	1	1	3	1	1	360	1	1	Y
LP001006	1	1	0	0	0	2	3	2	360	1	1	Y
LP001008	1	0	0	1	0	6	1	2	360	1	1	Y
LP001011	1	1	2	1	1	6	4	3	360	1	1	Y
LP001013	1	1	0	0	0	2	3	1	360	1	1	Y
LP001014	1	1	3	1	0	3	3	2	360	0	0	N
LP001018	1	1	2	1	0	6	3	2	360	1	1	Y
LP001020	1	1	1	1	0	10	6	4	360	1	0	N
LP001024	1	1	2	1	0	3	2	1	360	1	1	Y
LP001028	1	1	2	1	0	3	5	3	360	1	1	Y
LP001029	1	0	0	1	0	1	3	2	360	1	2	N
LP001030	1	1	2	1	0	1	3	1	120	1	1	Y
LP001032	1	0	0	1	0	6	1	2	360	1	1	Y
LP001036	0	0	0	1	0	3	1	1	360	0	1	N
LP001038	1	1	0	0	0	6	1	2	360	1	2	N
LP001043	1	1	0	0	0	9	1	2	360	0	1	N
LP001046	1	1	1	1	0	6	5	4	360	1	1	Y
LP001047	1	1	0	0	0	2	3	2	360	0	0	N
LP001066	1	1	0	1	1	9	1	2	360	1	0	Y
LP001068	1	1	0	1	0	2	3	2	360	1	0	Y
LP001073	1	1	2	0	0	6	3	2	360	1	1	Y
LP001086	1	0	0	0	0	1	1	1	360	1	1	N
LP001095	1	0	0	1	0	3	1	1	360	1	1	N
LP001097	1	0	1	1	1	6	1	2	360	1	2	N
LP001098	1	1	0	1	0	3	3	2	360	1	0	Y
LP001100	1	0	3	1	0	10	4	4	360	1	2	N
LP001112	0	1	0	1	0	3	3	2	360	1	0	Y
LP001114	1	0	0	1	0	6	5	2	360	1	1	Y
LP001116	1	0	0	0	0	3	3	2	360	1	0	Y
LP001119	1	0	0	1	0	3	1	1	360	1	1	N
LP001120	1	0	0	1	0	1	3	1	360	1	1	Y
LP001131	1	1	0	1	0	3	3	2	360	1	0	Y
LP001138	1	1	1	1	0	6	1	1	360	1	1	Y
LP001144	1	1	0	1	0	6	1	2	360	1	1	Y
LP001146	0	1	0	1	0	2	4	2	360	0	1	N
LP001151	0	0	0	1	0	6	3	2	360	1	0	Y
LP001155	0	1	0	0	0	1	3	2	360	1	0	Y
LP001157	0	0	0	1	0	3	1	2	360	1	0	Y
LP001164	0	0	0	1	0	6	1	2	360	1	0	N
LP001179	1	1	2	1	0	6	1	2	360	1	1	N
LP001186	0	1	1	1	1	10	1	3	360	0	1	N
LP001194	1	1	2	1	0	2	3	1	360	1	0	Y
LP001195	1	1	0	1	0	2	3	1	360	1	0	Y
LP001197	1	1	0	1	0	3	3	2	360	1	2	N
LP001198	1	1	1	1	0	9	3	2	360	1	1	Y
LP001199	1	1	2	0	0	3	3	2	360	1	1	Y
LP001205	1	1	0	1	0	2	4	2	360	1	1	Y
LP001206	1	1	3	1	0	3	1	1	360	1	1	Y
LP001207	1	1	0	0	1	2	4	2	180	0	2	N
LP001222	0	0	0	1	0	6	1	2	360	0	0	N
LP001225	1	1	0	1	0	6	4	3	360	1	0	N
LP001228	1	0	0	0	0	3	3	2	180	0	1	N
LP001233	1	1	1	1	0	10	1	4	360	1	1	Y
LP001238	1	1	3	0	1	9	1	2	60	1	1	Y
LP001241	0	0	0	1	0	6	1	2	360	0	0	N
LP001243	1	1	0	1	0	3	4	2	360	1	1	Y
LP001245	1	1	2	0	1	1	3	1	360	1	0	Y
LP001248	1	0	0	1	0	3	1	1	300	1	0	Y
LP001253	1	1	3	1	1	6	3	2	360	1	0	Y
LP001255	1	0	0	1	0	3	1	2	480	1	1	N
LP001256	1	0	0	1	0	3	4	2	360	1	1	N
LP001259	1	1	1	1	1	1	4	2	360	1	1	N
LP001263	1	1	3	1	0	3	4	2	300	0	0	N
LP001265	0	0	0	1	0	3	1	2	360	1	0	Y
LP001267	0	1	2	1	0	1	3	2	360	1	1	N
LP001275	1	1	1	1	0	3	1	1	240	1	1	Y
LP001279	1	0	0	1	0	2	3	2	360	1	0	Y
LP001282	1	1	0	1	0	2	3	2	360	1	0	Y
LP001289	1	0	0	1	0	9	1	3	360	1	1	Y
LP001310	1	1	0	1	0	6	4	2	360	1	0	Y
LP001316	1	1	0	1	0	2	3	2	360	1	0	Y
LP001318	1	1	2	1	0	6	5	2	180	1	0	Y
LP001319	1	1	2	0	0	3	3	1	360	1	1	Y
LP001322	1	0	0	1	0	6	1	2	360	1	0	Y
LP001325	1	0	0	0	0	3	1	1	120	1	0	Y
LP001327	0	1	0	1	0	2	3	2	360	1	0	Y
LP001333	1	1	0	1	0	1	2	1	360	1	0	Y
LP001334	1	1	0	0	0	6	1	2	180	1	0	Y
LP001343	1	1	0	1	0	1	4	2	360	1	0	Y
LP001345	1	1	2	0	0	6	4	2	180	1	1	Y
LP001349	1	0	0	1	0	6	4	2	360	1	0	Y
LP001367	1	1	1	1	0	3	3	2	360	1	1	Y
LP001369	1	1	2	1	0	10	3	3	360	1	1	Y
LP001379	1	1	2	1	0	3	4	3	360	0	1	N
LP001384	1	1	3	0	0	2	2	1	480	1	0	Y
LP001385	1	0	0	1	0	6	1	2	360	1	1	Y
LP001401	1	1	1	1	0	10	1	2	180	1	2	Y
LP001404	0	1	0	1	0	3	3	2	360	1	0	Y
LP001421	1	1	0	1	0	6	3	2	360	1	2	N
LP001422	0	0	0	1	0	10	1	3	360	1	1	Y
LP001430	0	0	0	1	0	6	1	1	360	1	0	Y
LP001431	0	0	0	1	0	2	5	2	360	0	0	Y
LP001432	1	1	2	1	0	2	1	1	360	1	0	Y
LP001439	1	1	0	0	0	6	3	2	360	1	2	Y
LP001451	1	1	1	1	1	10	4	2	180	0	1	N
LP001473	1	0	0	1	0	2	3	1	360	1	1	Y
LP001478	1	0	0	1	0	2	1	1	360	1	0	Y
LP001482	1	1	0	1	1	3	1	1	120	1	0	Y
LP001487	1	0	0	1	0	6	1	2	360	1	0	Y
LP001488	1	1	3	1	0	6	5	3	360	1	0	N
LP001489	0	1	0	1	0	6	1	1	360	1	2	N
LP001491	1	1	2	1	1	3	4	1	360	1	1	Y
LP001492	1	0	0	1	0	10	1	3	360	0	0	N
LP001493	1	1	2	0	0	6	3	2	360	1	2	N
LP001497	1	1	2	1	0	6	3	2	360	1	2	N
LP001498	1	0	0	1	0	6	1	2	360	1	1	Y
LP001504	1	0	0	1	1	6	1	2	180	1	0	Y
LP001507	1	1	0	1	0	2	3	2	360	1	0	Y
LP001508	1	1	2	1	0	10	1	2	180	1	1	Y
LP001514	0	1	0	1	0	2	4	2	360	1	0	Y
LP001516	0	1	2	1	0	10	1	1	360	1	1	Y
LP001518	1	1	1	1	0	1	3	1	360	1	1	Y
LP001519	0	0	0	1	0	10	3	3	360	1	2	N
LP001520	1	1	0	1	0	6	2	2	360	1	0	Y
LP001528	1	0	0	1	0	6	1	2	360	0	2	N
LP001529	1	1	0	1	1	2	4	2	360	1	2	Y
LP001531	1	0	0	1	0	9	1	3	360	1	1	N
LP001532	1	1	2	0	0	2	1	2	360	1	2	N
LP001535	1	0	0	1	0	3	1	1	360	1	1	Y
LP001536	1	1	3	1	0	10	1	7	180	0	0	Y
LP001543	1	1	1	1	0	9	1	2	360	1	1	Y
LP001552	1	1	0	1	0	6	5	3	360	1	0	Y
LP001560	1	1	0	0	0	1	3	1	360	1	0	Y
LP001562	1	1	0	1	0	9	1	3	360	1	1	N
LP001565	1	1	1	1	0	3	3	2	360	0	0	N
LP001570	1	1	2	1	0	6	3	2	360	1	2	Y
LP001572	1	1	0	1	0	9	1	1	180	1	1	Y
LP001577	0	1	0	1	0	6	1	2	360	1	2	N
LP001578	1	1	0	1	0	2	4	2	360	1	2	Y
LP001579	1	0	0	1	0	2	1	1	480	0	0	N
LP001580	1	1	2	1	0	9	1	3	360	1	0	Y
LP001586	1	1	3	0	0	3	1	1	180	1	2	N
LP001594	1	1	0	1	0	6	5	2	360	1	0	Y
LP001603	1	1	0	0	1	6	2	1	360	1	0	N
LP001606	1	1	0	1	0	3	3	2	360	1	2	Y
LP001608	1	1	2	1	0	2	3	2	360	1	2	Y
LP001610	1	1	3	1	0	6	6	5	360	0	0	N
LP001616	1	1	1	1	0	3	1	2	360	1	0	Y
LP001630	1	0	0	0	0	2	3	2	480	0	1	N
LP001633	1	1	1	1	0	6	5	2	360	0	1	N
LP001636	1	1	0	1	0	6	1	1	180	1	0	Y
LP001637	1	1	1	1	0	10	1	3	360	1	0	N
LP001639	0	1	0	1	0	3	1	2	360	1	0	Y
LP001640	1	1	0	1	1	10	4	2	360	1	0	Y
LP001641	1	1	1	1	1	2	1	1	300	0	2	N
LP001647	1	1	0	1	0	9	1	2	180	1	2	Y
LP001653	1	0	0	0	0	6	1	1	360	1	2	Y
LP001656	1	0	0	1	0	10	1	2	360	1	0	N
LP001657	1	1	0	0	0	6	1	2	360	1	1	N
LP001658	1	0	0	1	0	3	1	1	360	1	0	Y
LP001664	1	0	0	1	0	6	1	2	360	1	2	Y
LP001665	1	1	1	1	0	3	3	2	360	1	0	N
LP001666	1	0	0	1	0	9	4	2	360	1	2	Y
LP001673	1	0	0	1	1	10	1	1	360	1	1	N
LP001674	1	1	1	0	0	2	3	1	360	1	0	Y
LP001677	1	0	2	1	0	6	1	2	360	0	0	Y
LP001688	1	1	1	0	0	3	3	2	360	1	1	Y
LP001691	1	1	2	0	0	3	1	2	360	1	0	Y
LP001692	0	0	0	0	0	6	1	2	360	1	0	Y
LP001693	0	0	0	1	0	3	1	1	360	1	1	Y
LP001698	1	0	0	0	0	3	3	1	360	1	2	Y
LP001699	1	0	0	1	0	2	1	1	360	1	1	Y
LP001702	1	0	0	1	0	3	1	2	360	1	0	N
LP001708	0	0	0	1	0	10	1	3	360	1	0	N
LP001711	1	1	3	1	0	3	3	2	360	0	0	N
LP001713	1	1	1	1	1	9	1	3	360	1	1	Y
LP001715	1	1	3	0	1	6	1	2	360	1	2	Y
LP001716	1	1	0	1	0	3	4	2	360	1	1	Y
LP001720	1	1	3	0	0	3	2	2	360	1	0	Y
LP001722	1	1	0	1	0	1	3	2	360	1	2	N
LP001726	1	1	0	1	0	3	3	2	360	1	0	Y
LP001736	1	1	0	1	0	2	1	1	360	0	1	N
LP001743	1	1	2	1	0	6	3	2	360	1	0	Y
LP001744	1	0	0	1	0	2	3	2	360	1	0	Y
LP001750	1	1	0	1	0	6	1	2	360	1	0	Y
LP001751	1	1	0	1	0	3	1	2	360	1	2	N
LP001758	1	1	2	1	0	6	3	3	360	1	0	Y
LP001761	1	0	0	1	1	6	1	3	360	1	2	Y
LP001765	1	1	1	1	0	2	3	2	360	1	0	Y
LP001776	0	0	0	1	0	9	1	3	360	1	0	Y
LP001778	1	1	1	1	0	3	3	2	360	1	0	Y
LP001784	1	1	1	1	0	6	3	2	360	1	2	Y
LP001790	0	0	1	1	0	3	1	2	360	1	2	Y
LP001792	1	1	1	1	0	3	1	1	360	1	0	Y
LP001798	1	1	2	1	0	6	5	2	360	1	2	Y
LP001800	1	1	1	0	0	2	3	2	180	1	1	N
LP001806	1	0	0	1	0	2	5	2	60	1	1	Y
LP001807	1	1	2	1	1	6	3	2	360	1	2	Y
LP001811	1	1	0	0	0	3	4	2	360	1	0	Y
LP001813	1	0	0	1	1	6	4	2	180	1	1	N
LP001814	1	1	2	1	0	9	1	2	360	1	1	Y
LP001819	1	1	1	0	0	6	1	2	180	1	1	Y
LP001824	1	1	1	1	0	2	3	2	480	1	0	Y
LP001825	1	1	0	1	0	1	3	1	360	1	1	Y
LP001835	1	1	0	0	0	1	4	3	360	0	0	N
LP001836	0	0	2	1	0	3	1	2	360	1	1	N
LP001841	1	0	0	0	1	2	3	2	360	1	2	Y
LP001843	1	1	1	0	0	2	5	3	180	1	0	Y
LP001844	1	0	0	1	1	10	1	2	360	0	1	N
LP001846	0	0	3	1	0	3	1	3	360	1	2	Y
LP001849	1	0	0	0	0	6	1	2	360	0	2	N
LP001854	1	1	3	1	0	6	1	1	360	1	1	N
LP001859	1	1	0	1	0	10	3	4	360	1	2	N
LP001868	1	0	0	1	0	2	3	2	360	1	0	Y
LP001870	0	0	1	1	0	3	1	2	36	1	0	N
LP001871	0	0	0	1	0	9	1	2	360	1	2	Y
LP001872	1	0	0	1	1	6	1	2	360	1	0	Y
LP001875	1	0	0	1	0	6	4	2	360	1	2	Y
LP001877	1	1	2	1	0	6	3	2	360	1	0	Y
LP001882	1	1	3	1	0	6	3	2	360	0	1	Y
LP001884	0	0	1	1	0	2	3	1	360	1	1	Y
LP001888	0	0	0	1	0	3	1	1	360	1	1	Y
LP001891	1	1	0	1	0	10	1	2	360	1	1	Y
LP001892	1	0	0	1	0	2	3	2	360	1	2	Y
LP001894	1	1	0	1	0	2	3	2	360	1	0	Y
LP001896	1	1	2	1	0	3	1	1	360	1	0	Y
LP001900	1	1	1	1	0	2	3	2	360	1	0	Y
LP001903	1	1	0	1	0	3	4	3	360	1	0	Y
LP001904	1	1	0	1	0	3	3	1	360	1	1	Y
LP001907	1	1	0	1	0	10	1	5	360	1	0	Y
LP001910	1	0	1	0	1	6	3	2	360	0	1	N
LP001914	1	1	0	1	0	3	2	2	360	1	0	Y
LP001915	1	1	2	1	0	2	985.7999878	1	180	1	1	Y
LP001917	0	0	0	1	0	1	3	1	360	1	1	Y
LP001924	1	0	0	1	0	3	4	1	360	1	2	Y
LP001925	0	0	0	1	1	2	3	1	300	1	0	N
LP001926	1	1	0	1	0	3	3	2	360	1	2	Y
LP001931	0	0	0	1	0	6	1	2	360	1	0	Y
LP001935	1	0	0	1	0	9	1	2	360	1	2	Y
LP001936	1	1	0	1	0	3	3	2	360	1	2	Y
LP001938	1	1	2	1	0	6	1	2	360	0	0	N
LP001940	1	1	2	1	0	3	3	2	360	1	1	Y
LP001947	1	1	0	1	0	2	4	2	360	1	0	Y
LP001953	1	1	1	1	0	6	1	3	360	1	0	Y
LP001954	0	1	1	1	0	6	1	2	360	1	1	Y
LP001955	0	0	0	1	0	6	3	2	480	1	2	N
LP001963	1	1	1	1	0	2	3	2	360	1	1	N
LP001964	1	1	0	0	0	1	3	1	360	0	1	N
LP001974	0	0	0	1	0	6	1	2	360	1	2	Y
LP001977	1	1	1	1	0	1	3	1	360	1	1	Y
LP001978	1	0	0	1	0	6	3	2	360	1	2	Y
LP001993	0	0	0	1	0	3	3	2	360	1	2	Y
LP001994	0	0	0	1	0	2	3	2	360	0	1	N
LP001996	1	0	0	1	0	10	1	5	360	1	2	N
LP002002	0	0	0	1	0	2	1	1	360	1	0	Y
LP002004	1	0	0	0	0	2	3	2	360	1	0	Y
LP002006	0	0	0	1	0	2	1	1	360	1	2	Y
LP002031	1	1	1	0	0	3	3	2	180	1	1	Y
LP002035	1	1	2	1	0	3	1	2	360	1	0	Y
LP002050	1	1	1	1	1	10	1	2	360	1	2	N
LP002051	1	1	0	1	0	2	3	2	360	1	0	Y
LP002053	1	1	3	1	0	6	2	2	360	1	0	Y
LP002065	1	1	3	1	0	10	1	4	360	1	2	Y
LP002067	1	1	1	1	1	9	4	4	360	0	2	N
LP002068	1	0	0	1	0	6	1	2	360	0	2	Y
LP002082	1	1	0	1	1	6	3	2	360	1	0	Y
LP002086	0	1	0	1	0	6	3	2	360	1	1	N
LP002087	0	0	0	1	0	2	1	1	360	1	1	Y
LP002097	1	0	1	1	0	6	3	2	360	1	1	Y
LP002098	1	0	0	1	0	2	1	1	360	1	0	Y
LP002112	1	1	2	1	1	2	4	2	360	1	2	Y
LP002114	0	0	0	1	0	6	1	1	360	1	0	Y
LP002115	1	1	3	0	0	2	3	2	360	1	2	N
LP002116	0	0	0	1	0	2	1	1	360	1	2	N
LP002119	1	1	1	0	0	6	3	2	360	1	1	Y
LP002126	1	1	3	0	0	3	1	1	360	1	0	Y
LP002129	1	1	0	1	0	2	3	2	360	1	0	Y
LP002131	1	1	2	0	0	3	3	2	360	1	1	Y
LP002138	1	1	0	1	0	2	5	2	360	1	2	Y
LP002139	1	1	0	1	0	9	1	3	360	1	0	Y
LP002140	1	0	0	1	0	9	4	4	360	1	2	N
LP002141	1	1	3	1	0	2	3	1	360	1	2	Y
LP002142	0	1	0	1	1	6	1	2	360	0	2	N
LP002143	0	1	0	1	0	2	2	2	360	1	0	Y
LP002149	1	1	2	1	0	9	4	2	360	1	2	Y
LP002151	1	1	1	1	0	3	1	1	360	1	1	N
LP002158	1	1	0	0	0	3	3	2	480	0	1	N
LP002160	1	1	3	1	0	6	4	3	360	1	0	Y
LP002161	0	0	1	1	0	6	1	1	360	1	0	N
LP002170	1	1	2	1	0	6	4	3	360	1	0	Y
LP002175	1	1	0	1	0	6	3	2	360	1	1	Y
LP002180	1	0	0	1	1	6	1	2	360	1	2	Y
LP002181	1	0	0	0	0	6	1	2	360	1	2	N
LP002187	1	0	0	1	0	2	1	1	480	1	0	N
LP002190	1	1	1	1	0	6	1	2	360	1	0	Y
LP002191	1	1	0	1	0	10	5	6	360	1	2	N
LP002194	0	0	0	1	1	10	1	1	360	1	0	Y
LP002197	1	1	2	1	0	6	1	2	360	1	0	Y
LP002201	1	1	2	1	1	9	5	4	300	1	2	Y
LP002205	1	0	1	1	0	3	3	2	180	0	1	N
LP002211	1	1	0	1	0	6	2	2	180	1	1	Y
LP002219	1	1	3	1	0	9	4	2	360	1	2	Y
LP002224	1	0	0	1	0	3	1	1	480	1	1	N
LP002225	1	1	2	1	0	6	1	2	360	1	1	Y
LP002229	1	0	0	1	0	6	4	3	360	1	0	Y
LP002231	0	0	0	1	0	6	1	2	360	1	1	Y
LP002234	1	0	0	1	1	9	1	2	360	1	1	Y
LP002236	1	1	2	1	0	6	1	2	360	1	1	N
LP002239	1	0	0	0	0	2	3	2	360	1	0	Y
LP002244	1	1	0	1	0	2	3	2	360	1	1	Y
LP002250	1	1	0	1	0	6	1	2	360	1	2	Y
LP002255	1	0	3	1	0	9	1	2	360	1	2	Y
LP002262	1	1	3	1	0	9	1	3	360	1	2	Y
LP002265	1	1	2	0	0	1	3	2	180	1	0	Y
LP002266	1	1	2	1	0	3	3	2	360	1	1	Y
LP002277	0	0	0	1	0	3	1	1	360	0	1	N
LP002281	1	1	0	1	0	3	3	1	360	1	1	Y
LP002284	1	0	0	0	0	3	3	2	360	1	2	Y
LP002287	0	0	0	1	0	1	3	2	360	0	0	N
LP002288	1	1	2	0	0	2	1	1	180	0	1	N
LP002296	1	0	0	0	0	2	1	1	300	1	2	N
LP002297	1	0	0	1	0	2	6	2	360	1	0	Y
LP002300	0	0	0	0	0	1	1	1	360	1	0	Y
LP002301	0	0	0	1	1	9	1	2	360	1	2	N
LP002305	0	0	0	1	0	6	1	2	360	1	0	Y
LP002308	1	1	0	0	0	2	3	2	360	1	1	Y
LP002314	0	0	0	0	0	2	1	1	360	1	2	Y
LP002315	1	1	1	1	0	9	1	2	300	0	0	N
LP002317	1	1	3	1	0	10	1	4	360	0	2	N
LP002318	0	0	1	0	1	3	1	1	360	1	0	N
LP002328	1	1	0	0	0	6	1	3	360	0	2	N
LP002332	1	1	0	0	0	2	3	2	360	1	2	Y
LP002335	0	1	0	0	0	2	4	2	360	0	0	N
LP002337	0	0	0	1	0	2	1	1	360	1	1	Y
LP002341	0	0	1	1	0	2	1	2	360	1	1	N
LP002342	1	1	2	1	1	1	6	3	360	1	1	N
LP002345	1	1	0	1	0	1	3	2	360	1	2	Y
LP002347	1	1	0	1	0	3	3	2	360	1	0	Y
LP002348	1	1	0	1	0	6	1	2	360	1	2	Y
LP002361	1	1	0	1	0	1	3	2	360	1	1	Y
LP002364	1	1	0	1	0	10	1	1	360	1	0	Y
LP002366	1	1	0	1	0	2	4	2	360	1	2	Y
LP002367	0	0	1	0	0	6	1	1	360	1	2	N
LP002368	1	1	2	1	0	6	1	2	360	1	0	Y
LP002369	1	1	0	1	0	2	16.12000084	1	360	1	2	Y
LP002370	1	0	0	0	0	2	1	1	180	1	1	Y
LP002377	0	0	1	1	1	9	1	2	360	1	0	Y
LP002379	1	0	0	1	0	6	1	2	360	0	2	N
LP002387	1	1	0	1	0	2	3	2	360	1	0	Y
LP002390	1	0	0	1	0	3	1	2	360	1	1	Y
LP002398	1	0	0	1	0	1	3	1	360	1	0	Y
LP002403	1	0	0	1	1	10	1	2	360	0	1	N
LP002407	0	1	0	0	1	9	1	2	360	1	2	Y
LP002408	1	0	0	1	0	3	5	2	360	1	0	Y
LP002409	1	1	0	1	0	9	3	2	360	1	2	Y
LP002418	1	0	3	0	0	6	3	2	360	1	0	Y
LP002422	1	0	1	1	0	10	1	2	360	1	0	Y
LP002429	1	1	1	1	1	3	3	2	360	1	2	Y
LP002434	1	1	2	0	0	6	1	2	360	1	2	Y
LP002443	1	1	2	1	0	3	3	2	360	0	2	N
LP002446	1	1	2	0	0	2	3	2	360	0	2	N
LP002448	1	1	0	1	0	3	3	2	360	0	2	N
LP002449	1	1	0	1	0	2	3	1	180	0	2	Y
LP002453	1	0	0	1	1	9	1	1	360	1	0	Y
LP002455	1	1	2	1	0	3	1	1	360	1	0	Y
LP002459	1	1	0	1	0	6	1	2	360	1	1	Y
LP002467	1	1	0	1	0	3	3	2	360	1	1	N
LP002472	1	0	2	1	0	6	1	2	360	1	2	Y
LP002473	1	1	0	1	0	9	1	2	360	1	0	N
LP002484	1	1	3	1	0	9	1	2	180	1	1	Y
LP002487	1	1	0	1	0	3	3	2	360	1	2	Y
LP002493	1	0	0	1	0	6	1	1	360	0	0	N
LP002494	1	0	0	1	0	6	1	2	360	1	2	Y
LP002500	1	1	3	0	0	2	3	1	180	0	1	N
LP002505	1	1	0	1	0	6	3	2	360	1	1	N
LP002515	1	1	1	1	1	3	3	2	360	1	0	Y
LP002517	1	1	1	0	0	2	3	2	180	0	2	N
LP002519	1	1	3	1	0	6	1	2	360	1	0	Y
LP002524	1	0	2	1	0	6	4	2	360	1	2	Y
LP002527	1	1	2	1	1	10	3	2	360	1	2	Y
LP002529	1	1	2	1	0	6	3	3	300	1	0	Y
LP002531	1	1	1	1	1	10	3	1	360	1	0	Y
LP002534	0	0	0	0	0	6	1	2	360	1	2	Y
LP002536	1	1	3	0	0	3	1	2	360	1	2	Y
LP002537	1	1	0	1	0	2	4	2	360	1	0	Y
LP002541	1	1	0	1	0	10	1	3	360	1	0	Y
LP002543	1	1	2	1	0	9	1	3	360	1	0	Y
LP002544	1	1	1	0	0	1	3	2	360	1	2	Y
LP002545	1	0	2	1	0	3	1	1	360	0	2	N
LP002547	1	1	1	1	0	10	1	6	360	1	1	N
LP002555	1	1	2	1	1	6	3	2	360	1	0	Y
LP002556	1	0	0	1	0	2	1	1	360	1	1	N
LP002571	1	0	0	0	0	3	1	2	360	1	2	Y
LP002582	0	0	0	0	1	10	1	3	360	1	0	Y
LP002585	1	1	0	1	0	3	3	2	360	0	2	N
LP002586	0	1	1	1	0	3	2	2	84	1	0	Y
LP002587	1	1	0	0	0	2	3	2	360	1	2	Y
LP002600	1	1	1	1	1	2	1	1	360	1	0	Y
LP002602	1	0	0	1	0	6	4	3	360	0	2	N
LP002603	0	0	0	1	0	1	4	2	480	1	2	Y
LP002606	0	0	0	1	0	3	1	2	360	1	0	Y
LP002615	1	1	2	1	0	6	5	3	360	1	0	Y
LP002619	1	1	0	0	0	3	3	2	300	1	0	Y
LP002622	1	1	2	1	0	3	4	3	360	1	2	Y
LP002626	1	1	0	1	1	2	4	2	360	1	1	Y
LP002634	0	0	1	1	0	10	1	1	360	1	1	Y
LP002637	1	0	0	0	0	3	3	2	360	1	2	N
LP002640	1	1	1	1	0	6	3	3	360	1	0	Y
LP002643	1	1	2	1	0	3	3	2	360	1	1	Y
LP002648	1	1	0	1	0	2	5	1	180	1	0	N
LP002652	1	0	0	1	0	6	4	4	360	1	2	N
LP002659	1	1	3	1	0	3	4	2	360	1	2	Y
LP002670	0	1	2	1	0	2	3	2	480	1	0	Y
LP002683	1	0	0	1	0	6	3	2	360	1	0	N
LP002684	0	0	0	0	0	3	1	1	360	1	2	N
LP002689	1	1	2	0	0	2	3	1	360	1	0	Y
LP002690	1	0	0	1	0	2	1	1	360	1	0	Y
LP002692	1	1	3	1	1	6	3	2	360	1	2	Y
LP002693	1	1	2	1	1	9	5	5	360	1	2	Y
LP002699	1	1	2	1	1	10	1	5	360	1	2	Y
LP002705	1	1	0	1	0	3	1	2	360	1	0	Y
LP002706	1	1	1	0	0	6	3	2	360	0	0	Y
LP002714	1	0	1	0	0	2	3	1	360	1	0	Y
LP002716	1	0	0	0	0	6	1	2	360	1	0	Y
LP002720	1	1	3	1	0	6	1	2	360	1	1	Y
LP002723	1	0	2	1	0	3	1	2	360	0	2	N
LP002731	0	0	0	0	1	10	1	2	360	1	1	Y
LP002734	1	1	0	1	0	6	4	4	360	1	1	Y
LP002738	1	0	2	1	0	3	1	2	360	1	0	Y
LP002739	1	1	0	0	0	2	2	1	360	1	2	N
LP002740	1	1	3	1	0	6	1	2	180	1	2	Y
LP002741	0	1	1	1	0	6	3	2	180	1	0	Y
LP002743	0	0	0	1	0	2	1	1	360	0	0	N
LP002755	1	1	1	0	0	2	3	2	360	1	1	Y
LP002767	1	1	0	1	0	2	3	2	360	1	2	Y
LP002768	1	0	0	0	0	3	1	1	36	1	0	N
LP002772	1	0	0	1	0	2	3	2	360	1	2	Y
LP002776	0	0	0	1	0	6	1	2	360	0	0	N
LP002777	1	1	0	1	0	2	3	2	360	1	2	Y
LP002785	1	1	1	1	0	3	4	2	360	1	1	Y
LP002788	1	1	0	0	0	2	3	2	360	0	1	N
LP002789	1	1	0	1	0	3	4	2	180	0	2	N
LP002792	1	1	1	1	0	6	3	1	360	1	0	Y
LP002795	1	1	3	1	1	10	1	3	360	1	0	Y
LP002798	1	1	0	1	0	3	3	2	360	1	0	Y
LP002804	0	1	0	1	0	6	3	2	360	1	0	Y
LP002807	1	1	2	0	0	3	2	2	360	1	0	Y
LP002813	0	1	1	1	1	10	1	7	360	1	0	Y
LP002820	1	1	0	1	0	6	3	3	360	1	2	Y
LP002821	1	0	0	0	1	6	1	2	360	1	0	Y
LP002832	1	1	2	1	0	9	1	3	360	0	1	N
LP002836	1	0	0	1	0	3	1	1	360	1	1	Y
LP002837	1	1	3	1	0	3	3	2	360	0	2	N
LP002840	0	0	0	1	0	2	1	1	360	1	1	N
LP002841	1	1	0	1	0	3	3	2	360	0	1	N
LP002842	1	1	1	1	0	3	3	2	360	1	1	Y
LP002855	1	1	2	1	0	10	1	3	360	1	1	Y
LP002862	1	1	2	0	0	6	3	2	480	1	0	N
LP002863	1	1	3	1	0	6	1	2	360	1	0	N
LP002868	1	1	2	1	0	3	2	2	84	1	1	Y
LP002874	1	0	0	1	0	3	3	2	360	1	1	Y
LP002877	1	1	1	1	0	1	3	2	360	1	2	Y
LP002892	1	1	2	1	0	6	1	3	360	1	0	Y
LP002893	1	0	0	1	0	1	6	1	360	1	1	N
LP002894	0	1	0	1	0	3	1	1	360	1	0	Y
LP002911	1	1	1	1	0	2	3	2	360	0	2	N
LP002912	1	1	1	1	0	6	4	2	84	1	2	N
LP002916	1	1	0	1	0	2	3	2	360	1	1	Y
LP002917	0	0	0	0	0	2	1	1	360	1	0	Y
LP002926	1	1	2	1	1	2	1	2	360	0	0	N
LP002928	1	1	0	1	0	3	4	1	180	1	0	Y
LP002931	1	1	2	1	1	6	1	3	240	1	0	N
LP002936	1	1	0	1	0	3	4	2	180	1	2	Y
LP002938	1	1	0	1	1	10	1	3	360	1	1	Y
LP002940	1	0	0	0	0	3	1	2	360	1	2	Y
LP002941	1	1	2	0	1	6	3	2	360	1	2	N
LP002945	1	1	0	1	1	9	1	2	360	1	2	Y
LP002948	1	1	2	1	0	6	1	2	360	1	1	Y
LP002953	1	1	3	1	0	6	1	2	360	1	1	Y
LP002958	1	0	0	1	0	3	4	2	360	1	2	Y
LP002959	0	1	1	1	0	10	1	5	360	1	0	Y
LP002961	1	1	1	1	0	3	3	2	360	1	0	Y
LP002964	1	1	2	0	0	3	3	2	360	1	2	Y
LP002974	1	1	0	1	0	3	3	2	360	1	2	Y
LP002978	0	0	0	1	0	2	1	1	360	1	2	Y
LP002979	1	1	3	1	0	6	1	1	180	1	2	Y
LP002983	1	1	1	1	0	9	2	3	360	1	1	Y
LP002984	1	1	2	1	0	9	1	2	360	1	1	Y
LP002990	0	0	0	1	1	6	1	2	360	0	0	N
