Gender	Married	Dependents	Education	Self_Employed	ApplicantIncome	CoapplicantIncome	LoanAmount	Loan_Amount_Term	Credit_History	Property_Area	Loan_Status
1	0	0	1	0	6	1	2	360	1	1	1
1	1	1	1	0	6	3	2	360	1	2	0
1	1	0	1	1	3	1	1	360	1	1	1
1	1	0	0	0	2	3	2	360	1	1	1
1	0	0	1	0	6	1	2	360	1	1	1
1	1	2	1	1	6	4	3	360	1	1	1
1	1	0	0	0	2	3	1	360	1	1	1
1	1	3	1	0	3	3	2	360	0	0	0
1	1	2	1	0	6	3	2	360	1	1	1
1	1	1	1	0	10	6	4	360	1	0	0
1	1	2	1	0	3	2	1	360	1	1	1
1	1	2	1	0	2	3	2	360	1	1	1
1	1	2	1	0	3	5	3	360	1	1	1
1	0	0	1	0	1	3	2	360	1	2	0
1	1	2	1	0	1	3	1	120	1	1	1
1	0	0	1	0	6	1	2	360	1	1	1
1	0	1	0	0	3	1	2	240	0	1	1
0	0	0	1	0	3	1	1	360	0	1	0
1	1	0	0	0	6	1	2	360	1	2	0
1	1	0	1	0	2	4	2		1	1	1
1	1	0	0	0	9	1	2	360	0	1	0
1	1	1	1	0	6	5	4	360	1	1	1
1	1	0	0	0	2	3	2	360	0	0	0
0	1	2	0	0	3	3	2	360	0	2	0
1	1	1	1	0	3	3	2	360	0	0	0
1	1	0	1	1	9	1	2	360	1	0	1
1	1	0	1	0	2	3	2	360	1	0	1
1	1	2	0	0	6	3	2	360	1	1	1
1	0	0	0	0	1	1	1	360	1	1	0
0	0	2	1	0	3	3	2	360	1	0	1
1	1	1	1	0	6	4	3	360	0	1	0
1	0	0	1	0	3	1	1	360	1	1	0
1	0	1	1	1	6	1	2	360	1	2	0
1	1	0	1	0	3	3	2	360	1	0	1
1	0	3	1	0	10	4	4	360	1	2	0
1	1	0	1	0	2	3	2	360	1	1	1
1	1	0	1	0	1	3	2		0	1	0
0	1	0	1	0	3	3	2	360	1	0	1
1	0	0	1	0	6	5	2	360	1	1	1
1	0	0	0	0	3	3	2	360	1	0	1
1	0	0	1	0	3	1	1	360	1	1	0
1	0	0	1	0	1	3	1	360	1	1	1
1	1	0	1	0	2	1	1	360	0	1	1
1	1	0	1	0	3	3	2	360	1	0	1
1	1	0	0	1	6	1	1		1	1	1
0	0	0	1	0	3	1	1		1	1	1
1	1	1	1	0	6	1	1	360	1	1	1
1	1	0	1	0	6	1	2	360	1	1	1
0	1	0	1	0	2	4	2	360	0	1	0
0	0	0	1	0	6	3	2	360	1	0	1
0	1	0	0	0	1	3	2	360	1	0	1
0	0	0	1	0	3	1	2	360	1	0	1
0	0	0	1	0	6	1	2	360	1	0	0
1	1	2	1	0	6	1	2	360	1	1	0
0	1	1	1	1	10	1	3	360	0	1	0
1	1	2	1	0	2	3	1	360	1	0	1
1	1	0	1	0	2	3	1	360	1	0	1
1	1	0	1	0	3	3	2	360	1	2	0
1	1	1	1	0	9	3	2	360	1	1	1
1	1	2	0	0	3	3	2	360	1	1	1
1	1	0	1	0	2	4	2	360	1	1	1
1	1	3	1	0	3	1	1	360	1	1	1
1	1	0	0	1	2	4	2	180	0	2	0
1	1	1	1	0	6	1	2	360	0	2	0
0	0	0	1	0	6	1	2	360	0	0	0
1	1	0	1	0	6	4	3	360	1	0	0
1	0	0	0	0	3	3	2	180	0	1	0
1	1	1	1	0	10	1	4	360	1	1	1
1	1	3	0	1	9	1	2	60	1	1	1
0	0	0	1	0	6	1	2	360	0	0	0
1	1	0	1	0	3	4	2	360	1	1	1
1	1	2	0	1	1	3	1	360	1	0	1
1	0	0	1	0	3	1	1	300	1	0	1
1	1	3	0	0	6	1	1		0	0	0
1	1	3	1	1	6	3	2	360	1	0	1
1	0	0	1	0	3	1	2	480	1	1	0
1	0	0	1	0	3	4	2	360	1	1	0
1	1	1	1	1	1	4	2	360	1	1	0
1	1	3	1	0	3	4	2	300	0	0	0
1	1	3	0	1	3	3	2	360	0	0	1
0	0	0	1	0	3	1	2	360	1	0	1
1	1	1	1	1	2	1	2	360	1	0	1
0	1	2	1	0	1	3	2	360	1	1	0
1	1	0	1	0	6	3	3	360	0	0	0
1	1	1	1	0	3	1	1	240	1	1	1
1	0	0	1	0	2	3	2	360	1	0	1
1	1	2	0	0	3	3	1	360	0	0	1
1	1	0	1	0	2	3	2	360	1	0	1
1	0	0	1	0	9	1	3	360	1	1	1
1	1	0	1	0	6	4	2	360	1	0	1
1	1	0	1	0	2	3	2	360	1	0	1
1	1	2	1	0	6	5	2	180	1	0	1
1	1	2	0	0	3	3	1	360	1	1	1
1	0	0	1	0	6	1	2	360	1	0	1
1	0	0	0	0	3	1	1	120	1	0	1
1	0	0	1	0	6	1	2	360	0	1	0
0	1	0	1	0	2	3	2	360	1	0	1
1	1	0	1	0	1	2	1	360	1	0	1
1	1	0	0	0	6	1	2	180	1	0	1
1	1	0	1	0	1	4	2	360	1	0	1
1	1	2	0	0	6	4	2	180	1	1	1
1	0	0	1	0	6	4	2	360	1	0	1
1	1	0	1	0	10	1	2	360	1	1	1
1	1	0	1	0	6	4	2	360	1	0	1
1	0	0	1	0	3	2	2	360	1	1	1
1	1	1	1	0	3	3	2	360	1	1	1
1	1	2	1	0	10	3	3	360	1	1	1
1	0	0	0	0	9	1	2	360	1	2	0
1	1	2	1	0	3	4	3	360	0	1	0
1	1	3	0	0	2	2	1	480	1	0	1
1	0	0	1	0	6	1	2	360	1	1	1
0	1	0	1	0	2	3	2	360	1	0	1
1	1	0	0	0	3	4	2		0	2	0
0	0	1	1	1	9	1	2	360	1	0	1
1	0	0	1	0	6	1	2	360	1	0	1
1	1	1	1	0	10	1	2	180	1	2	1
0	1	0	1	0	3	3	2	360	1	0	1
1	1	1	1	0	2	3	1	360	0	1	1
1	1	0	1	0	6	3	2	360	1	2	0
0	0	0	1	0	10	1	3	360	1	1	1
1	1	0	1	0	6	3	2	360	1	2	1
0	0	0	1	0	6	1	1	360	1	0	1
0	0	0	1	0	2	5	2	360	0	0	1
1	1	2	1	0	2	1	1	360	1	0	1
1	1	0	0	0	6	3	2	360	1	2	1
0	0	0	1	0	3	1	1	360	0	2	1
0	1	3	1	0	10	1	4	360	1	2	1
1	0	0	1	0	3	3	2	360	1	2	1
1	1	1	1	1	10	4	2	180	0	1	0
1	1	0	1	0	6	3	2	360	0	2	0
1	0	0	1	1	10	1	7	480	0	1	1
1	0	0	1	0	2	3	1	360	1	1	1
1	0	0	1	0	2	1	1	360	1	0	1
1	1	0	1	1	3	1	1	120	1	0	1
1	0	0	1	0	6	1	2	360	1	0	1
1	1	3	1	0	6	5	3	360	1	0	0
0	1	0	1	0	6	1	1	360	1	2	0
1	1	2	1	1	3	4	1	360	1	1	1
1	0	0	1	0	10	1	3	360	0	0	0
1	1	2	0	0	6	3	2	360	1	2	0
1	1	2	1	0	6	3	2	360	1	2	0
1	0	0	1	0	6	1	2	360	1	1	1
1	0	0	1	1	6	1	2	180	1	0	1
1	1	0	1	0	2	3	2	360	1	0	1
1	1	2	1	0	10	1	2	180	1	1	1
0	1	0	1	0	2	4	2	360	1	0	1
0	1	2	1	0	10	1	1	360	1	1	1
1	1	1	1	0	1	3	1	360	1	1	1
0	0	0	1	0	10	3	3	360	1	2	0
1	1	0	1	0	6	2	2	360	1	0	1
1	0	0	1	0	6	1	2	360	0	2	0
1	1	0	1	1	2	4	2	360	1	2	1
1	0	0	1	0	9	1	3	360	1	1	0
1	1	2	0	0	2	1	2	360	1	2	0
1	0	0	1	0	3	1	1	360	1	1	1
1	1	3	1	0	10	1	7	180	0	0	1
1	1	1	1	0	6	1	2	360	0	2	1
1	1	1	1	0	9	1	2	360	1	1	1
1	0	0	1	0	2	3	2	360	1	2	1
1	1	0	1	0	6	5	3	360	1	0	1
1	1	0	0	0	1	3	1	360	1	0	1
1	1	0	1	0	9	1	3	360	1	1	0
1	1	1	1	0	3	3	2	360	0	0	0
1	1	2	1	0	6	3	2	360	1	2	1
1	1	0	1	0	9	1	1	180	1	1	1
1	1	0	1	0	3	4	2		1	2	1
0	1	0	1	0	6	1	2	360	1	2	0
1	1	0	1	0	2	4	2	360	1	2	1
1	0	0	1	0	2	1	1	480	0	0	0
1	1	2	1	0	9	1	3	360	1	0	1
1	1	0	0	0	1	3	1	360	1	2	1
0	1	3	1	0	10	1	8	300	1	1	1
1	1	3	0	0	3	1	1	180	1	2	0
1	1	0	1	0	6	5	2	360	1	0	1
1	1	0	0	1	6	2	1	360	1	0	0
1	1	0	1	0	3	3	2	360	1	2	1
1	1	2	1	0	2	3	2	360	1	2	1
1	1	3	1	0	6	6	5	360	0	0	0
1	1	1	1	0	3	1	2	360	1	0	1
1	0	0	0	0	2	3	2	480	0	1	0
1	1	1	1	0	6	5	2	360	0	1	0
1	0	0	1	0	1	5	1	360	0	2	0
1	1	0	1	0	6	1	1	180	1	0	1
1	1	1	1	0	10	1	3	360	1	0	0
0	1	0	1	0	3	1	2	360	1	0	1
1	1	0	1	1	10	4	2	360	1	0	1
1	1	1	1	1	2	1	1	300	0	2	0
1	1	0	1	0	2	3	1	360	0	2	1
0	1	0	1	1	1	5	2	360	1	2	1
1	1	0	1	0	9	1	2	180	1	2	1
1	0	0	0	0	6	1	1	360	1	2	1
1	0	0	1	0	10	1	2	360	1	0	0
1	1	0	0	0	6	1	2	360	1	1	0
1	0	0	1	0	3	1	1	360	1	0	1
1	0	0	1	0	6	1	2	360	1	2	1
1	1	1	1	0	3	3	2	360	1	0	0
1	0	0	1	0	9	4	2	360	1	2	1
0	0	0	0	0	1	3	2		1	1	1
0	1	0	1	0	3	3	2	360	0	0	1
1	0	0	1	1	10	1	1	360	1	1	0
1	1	1	0	0	2	3	1	360	1	0	1
1	0	2	1	0	6	1	2	360	0	0	1
1	1	3	0	0	3	1	2	180	1	1	0
1	1	1	0	0	3	3	2	360	1	1	1
1	1	2	0	0	3	1	2	360	1	0	1
0	0	0	0	0	6	1	2	360	1	0	1
0	0	0	1	0	3	1	1	360	1	1	1
1	0	0	0	0	3	3	1	360	1	2	1
1	0	0	1	0	2	1	1	360	1	1	1
1	0	0	1	0	3	1	2	360	1	0	0
0	0	0	1	0	10	1	3	360	1	0	0
1	1	3	1	0	3	3	2	360	0	0	0
1	1	1	1	1	9	1	3	360	1	1	1
1	1	3	0	1	6	1	2	360	1	2	1
1	1	0	1	0	3	4	2	360	1	1	1
1	1	3	0	0	3	2	2	360	1	0	1
1	1	0	1	0	1	3	2	360	1	2	0
1	1	0	1	0	3	3	2	360	1	0	1
1	1	2	1	0	6	1	1	360	0	0	0
0	1	2	1	0	6	3	2	360	0	0	1
1	1	0	1	0	2	1	1	360	0	1	0
1	1	2	1	0	6	3	2	360	1	0	1
1	0	0	1	0	2	3	2	360	1	0	1
1	1	0	1	0	9	3	2		1	0	1
1	1	0	1	0	6	1	2	360	1	0	1
1	1	0	1	0	3	1	2	360	1	2	0
1	1	0	0	1	6	1	2	360	1	1	0
1	1	2	1	0	6	3	3	360	1	0	1
1	0	0	1	0	6	1	2	480	1	0	1
1	0	0	1	1	6	1	3	360	1	2	1
1	1	1	1	0	2	3	2	360	1	0	1
1	1	0	1	0	3	1	1	180	1	2	1
1	0	0	0	0	3	3	2		1	2	1
0	0	0	1	0	9	1	3	360	1	0	1
1	1	1	1	0	3	3	2	360	1	0	1
1	1	1	1	0	6	3	2	360	1	2	1
1	1	0	1	0	6	1	3	360	0	1	0
0	0	0	1	1	3	1	2	360	0	1	1
0	0	1	1	0	3	1	2	360	1	2	1
1	1	1	1	0	3	1	1	360	1	0	1
1	1	2	1	0	6	5	2	360	1	2	1
1	1	1	0	0	2	3	2	180	1	1	0
1	0	0	1	0	2	5	2	60	1	1	1
1	1	2	1	1	6	3	2	360	1	2	1
1	1	0	0	0	3	4	2	360	1	0	1
1	0	0	1	1	6	4	2	180	1	1	0
1	1	2	1	0	9	1	2	360	1	1	1
1	1	1	0	0	6	1	2	180	1	1	1
1	1	1	1	0	2	3	2	480	1	0	1
1	1	0	1	0	1	3	1	360	1	1	1
1	1	0	0	0	1	4	3	360	0	0	0
0	0	2	1	0	3	1	2	360	1	1	0
1	0	0	0	1	2	3	2	360	1	2	1
1	1	1	0	0	2	5	3	180	1	0	1
1	0	0	1	1	10	1	2	360	0	1	0
0	0	3	1	0	3	1	3	360	1	2	1
1	0	0	0	0	6	1	2	360	0	2	0
1	1	3	1	0	6	1	1	360	1	1	0
1	1	0	1	0	10	3	4	360	1	2	0
1	1	3	0	0	6	1	2	360	0	0	0
1	1	1	1	0	6	4	4	360	0	1	1
1	0	0	1	0	2	3	2	360	1	0	1
0	0	1	1	0	3	1	2	36	1	0	0
0	0	0	1	0	9	1	2	360	1	2	1
1	0	0	1	1	6	1	2	360	1	0	1
1	0	0	1	0	6	4	2	360	1	2	1
1	1	2	1	0	6	3	2	360	1	0	1
1	1	3	1	0	6	3	2	360	0	1	1
0	0	0	1	0	3	1	2	360	1	2	0
0	0	1	1	0	2	3	1	360	1	1	1
0	0	0	1	0	3	1	1	360	1	1	1
1	1	0	1	0	10	1	2	360	1	1	1
1	0	0	1	0	2	3	2	360	1	2	1
1	1	0	1	0	2	3	2	360	1	0	1
1	1	2	1	0	3	1	1	360	1	0	1
1	1	1	1	0	2	3	2	360	1	0	1
1	1	0	1	0	3	4	3	360	1	0	1
1	1	0	1	0	3	3	1	360	1	1	1
1	1	0	1	0	10	1	5	360	1	0	1
0	1	0	0	0	6	1	2	360	0	2	1
1	0	1	0	1	6	3	2	360	0	1	0
1	1	0	1	0	3	2	2	360	1	0	1
1	1	2	1	0	2	2	1	180	1	1	1
0	0	0	1	0	1	3	1	360	1	1	1
1	1	0	1	0	10	1	2	360	1	2	0
1	0	0	1	0	3	4	1	360	1	2	1
0	0	0	1	1	2	3	1	300	1	0	0
1	1	0	1	0	3	3	2	360	1	2	1
0	0	0	1	0	6	1	2	360	1	0	1
1	0	0	1	0	9	1	2	360	1	2	1
1	1	0	1	0	3	3	2	360	1	2	1
1	1	2	1	0	6	1	2	360	0	0	0
1	1	2	1	0	3	3	2	360	1	1	1
0	0	0	1	0	6	1	2	480	0	1	0
1	1	0	1	0	2	4	2	360	1	0	1
1	1	3	1	0	6	3	2	360	1	1	1
1	1	1	1	0	6	1	3	360	1	0	1
0	1	1	1	0	6	1	2	360	1	1	1
0	0	0	1	0	6	3	2	480	1	2	0
1	1	1	1	0	2	3	2	360	1	1	0
1	1	0	0	0	1	3	1	360	0	1	0
1	1	0	0	0	2	3	2	360	1	0	1
0	0	0	1	0	6	1	2	360	1	2	1
1	1	1	1	0	1	3	1	360	1	1	1
1	0	0	1	0	6	3	2	360	1	2	1
1	0	0	0	0	2	1	2	360	1	1	0
0	0	0	1	0	3	3	2	360	1	2	1
0	0	0	1	0	2	3	2	360	0	1	0
1	0	0	1	0	10	1	5	360	1	2	0
1	1	2	0	0	9	1	2	360	0	2	1
0	0	0	1	0	2	1	1	360	1	0	1
1	0	0	0	0	2	3	2	360	1	0	1
0	0	0	1	0	2	1	1	360	1	2	1
1	1	2	1	1	6	1	2	84	0	2	1
0	1	0	1	0	2	3	2	360	1	2	0
1	1	1	0	0	3	3	2	180	1	1	1
1	1	2	1	0	3	1	2	360	1	0	1
1	1	0	1	0	2	3	1	360	0	1	1
0	0	1	1	0	3	1	2	360	0	0	1
1	1	1	1	1	10	1	2	360	1	2	0
1	1	0	1	0	2	3	2	360	1	0	1
1	1	3	1	0	6	2	2	360	1	0	1
1	1	2	0	0	3	3	2	360	1	2	1
0	0	0	1	0	3	3	2	360	0	2	1
1	1	3	1	0	10	1	4	360	1	2	1
1	1	1	1	1	9	4	4	360	0	2	0
1	0	0	1	0	6	1	2	360	0	2	1
1	1	0	1	1	6	3	2	360	1	0	1
0	1	0	1	0	6	3	2	360	1	1	0
0	0	0	1	0	2	1	1	360	1	1	1
1	0	1	1	0	6	3	2	360	1	1	1
1	0	0	1	0	2	1	1	360	1	0	1
1	0	0	1	0	2	1	1	360	1	1	1
1	1	0	1	0	10	1	5	180	1	1	1
0	1	1	1	1	9	3	2	180	1	1	1
1	1	0	1	1	6	4	1		1	0	1
1	1	1	1	0	6	2	2	360	1	2	1
1	1	2	1	1	2	4	2	360	1	2	1
0	0	3	0	0	1	1	2	360	0	1	0
0	0	0	1	0	6	1	1	360	1	0	1
1	1	3	0	0	2	3	2	360	1	2	0
0	0	0	1	0	2	1	1	360	1	2	0
1	1	1	0	0	6	3	2	360	1	1	1
1	1	3	0	0	3	1	1	360	1	0	1
1	1	2	1	0	2	3	2	360	1	2	1
1	1	0	1	0	2	3	2	360	1	0	1
1	1	0	0	0	3	4	2	360	0	2	0
1	1	2	0	0	3	3	2	360	1	1	1
1	1	0	1	0	6	4	3	360	0	0	1
1	1	0	1	0	2	5	2	360	1	2	1
1	1	0	1	0	9	1	3	360	1	0	1
1	0	0	1	0	9	4	4	360	1	2	0
1	1	3	1	0	2	3	1	360	1	2	1
0	1	0	1	1	6	1	2	360	0	2	0
0	1	0	1	0	2	2	2	360	1	0	1
0	0	0	1	0	3	1	2	180	1	1	1
1	1	2	1	0	9	4	2	360	1	2	1
1	1	1	1	0	3	1	1	360	1	1	0
1	1	0	0	0	3	3	2	480	0	1	0
1	1	3	1	0	6	4	3	360	1	0	1
0	0	1	1	0	6	1	1	360	1	0	0
1	1	2	1	0	6	4	3	360	1	0	1
1	1	0	1	0	6	3	2	360	1	1	1
1	1	0	1	0	3	4	1	300	0	1	1
1	0	0	1	1	6	1	2	360	1	2	1
1	0	0	0	0	6	1	2	360	1	2	0
1	0	0	1	0	2	1	1	480	1	0	0
1	0	0	1	0	6	1	2		0	2	0
1	1	1	1	0	6	1	2	360	1	0	1
1	1	0	1	0	10	5	6	360	1	2	0
0	0	0	1	1	10	1	1	360	1	0	1
1	1	2	1	0	6	1	2	360	1	0	1
1	1	2	1	1	9	5	4	300	1	2	1
1	0	1	1	0	3	3	2	180	0	1	0
0	0	0	1	0	2	3	2	360	1	1	1
1	1	0	1	0	6	2	2	180	1	1	1
1	1	3	1	0	9	4	2	360	1	2	1
1	1	0	1	0	6	1	2	360	0	0	1
1	0	0	1	0	3	1	1	480	1	1	0
1	1	2	1	0	6	1	2	360	1	1	1
1	1	0	1	0	3	3	2	360	1	0	1
1	0	0	1	0	6	4	3	360	1	0	1
0	0	0	1	0	6	1	2	360	1	1	1
1	0	0	1	1	9	1	2	360	1	1	1
1	1	2	1	0	6	1	2	360	1	1	0
1	0	1	1	0	3	1	2	180	1	1	1
1	0	0	0	0	2	3	2	360	1	0	1
1	1	0	0	0	3	4	2	360	0	1	0
1	1	0	1	0	2	3	2	360	1	1	1
1	1	0	1	0	6	1	2	360	1	2	1
1	0	3	1	0	9	1	2	360	1	2	1
1	1	3	1	0	9	1	3	360	1	2	1
1	1	0	1	0	2	3	2	360	0	1	1
1	1	2	0	0	1	3	2	180	1	0	1
1	1	2	1	0	3	3	2	360	1	1	1
1	1	2	1	0	3	2	2	360	0	0	1
0	0	0	1	0	3	1	1	360	0	1	0
1	1	0	1	0	3	3	1	360	1	1	1
1	0	0	0	0	3	3	2	360	1	2	1
0	0	0	1	0	1	3	2	360	0	0	0
1	1	2	0	0	2	1	1	180	0	1	0
1	0	0	0	0	2	1	1	300	1	2	0
1	0	0	1	0	2	6	2	360	1	0	1
0	0	0	0	0	1	1	1	360	1	0	1
0	0	0	1	1	9	1	2	360	1	2	0
0	0	0	1	0	6	1	2	360	1	0	1
1	1	0	0	0	2	3	2	360	1	1	1
0	0	0	0	0	2	1	1	360	1	2	1
1	1	1	1	0	9	1	2	300	0	0	0
1	1	3	1	0	10	1	4	360	0	2	0
0	0	1	0	1	3	1	1	360	1	0	0
1	1	0	1	0	6	1	2	360	0	1	1
1	1	0	0	0	6	1	3	360	0	2	0
1	1	0	0	0	2	3	2	360	1	2	1
0	1	0	0	0	2	4	2	360	0	0	0
0	0	0	1	0	2	1	1	360	1	1	1
0	0	1	1	0	2	1	2	360	1	1	0
1	1	2	1	1	1	6	3	360	1	1	0
1	1	0	1	0	1	3	2	360	1	2	1
1	1	0	1	0	3	3	2	360	1	0	1
1	1	0	1	0	6	1	2	360	1	2	1
0	0	0	0	0	2	1	1		0	1	0
1	1	0	1	0	1	3	2	360	1	1	1
1	1	1	1	0	9	3	2		0	1	0
1	1	0	1	0	10	1	1	360	1	0	1
1	1	0	1	0	2	4	2	360	1	2	1
0	0	1	0	0	6	1	1	360	1	2	0
1	1	2	1	0	6	1	2	360	1	0	1
1	1	0	1	0	2	2	1	360	1	2	1
1	0	0	0	0	2	1	1	180	1	1	1
0	0	1	1	1	9	1	2	360	1	0	1
1	0	0	1	0	6	1	2	360	0	2	0
1	0	0	1	0	10	1	5	360	1	0	1
1	1	0	1	0	2	3	2	360	1	0	1
1	0	0	1	0	3	1	2	360	1	1	1
0	0	0	1	0	10	1	2	240	1	0	1
1	0	0	1	0	1	3	1	360	1	0	1
1	1	0	1	0	2	3	2	360	1	1	1
1	0	0	1	1	10	1	2	360	0	1	0
0	1	0	0	1	9	1	2	360	1	2	1
1	0	0	1	0	3	5	2	360	1	0	1
1	1	0	1	0	9	3	2	360	1	2	1
1	0	3	0	0	6	3	2	360	1	0	1
1	0	1	1	0	10	1	2	360	1	0	1
1	1	0	1	0	9	5	2	300	0	2	1
1	1	1	1	1	3	3	2	360	1	2	1
1	1	2	0	0	6	1	2	360	1	2	1
1	1	0	1	0	3	3	1	360	1	2	0
1	1	2	1	0	3	3	2	360	0	2	0
1	0	1	0	1	2	3	2	360	0	0	0
1	1	2	0	0	2	3	2	360	0	2	0
1	1	2	0	0	1	3	1	300	0	1	1
1	1	0	1	0	3	3	2	360	0	2	0
1	1	0	1	0	2	3	1	180	0	2	1
1	0	0	1	1	9	1	1	360	1	0	1
1	1	2	1	0	3	1	1	360	1	0	1
1	1	0	1	0	6	1	2	360	1	1	1
1	1	0	1	0	3	3	2	360	1	1	0
1	0	2	1	0	6	1	2	360	1	2	1
1	1	0	1	0	9	1	2	360	1	0	0
0	1	0	1	1	2	4	2	360	0	0	1
1	1	3	1	0	9	1	2	180	1	1	1
1	1	0	1	0	3	3	2	360	1	2	1
0	0	1	0	0	6	1	2	360	1	0	1
1	0	0	1	0	6	1	1	360	0	0	0
1	0	0	1	0	6	1	2	360	1	2	1
1	1	3	0	0	2	3	1	180	0	1	0
0	1	0	1	0	10	1	2	360	1	0	1
0	1	2	0	0	1	3	1	360	1	0	1
1	1	0	1	0	6	3	2	360	1	1	0
1	1	1	1	1	3	3	2	360	1	0	1
1	1	1	0	0	2	3	2	180	0	2	0
1	1	3	1	0	6	1	2	360	1	0	1
0	0	0	1	1	2	1	1	360	0	1	1
1	0	2	1	0	6	4	2	360	1	2	1
1	1	2	1	1	10	3	2	360	1	2	1
1	1	2	1	0	6	3	3	300	1	0	1
0	1	2	1	0	2	3	2	360	0	0	0
1	1	1	1	1	10	3	1	360	1	0	1
1	1	2	1	0	2	3	2	360	1	1	0
0	0	0	0	0	6	1	2	360	1	2	1
1	1	3	0	0	3	1	2	360	1	2	1
1	1	0	1	0	2	4	2	360	1	0	1
1	1	0	1	0	10	1	3	360	1	0	1
1	1	2	1	0	9	1	3	360	1	0	1
1	1	1	0	0	1	3	2	360	1	2	1
1	0	2	1	0	3	1	1	360	0	2	0
1	1	1	1	0	10	1	6	360	1	1	0
1	1	2	1	1	6	3	2	360	1	0	1
1	0	0	1	0	2	1	1	360	1	1	0
1	0	0	0	0	2	3	1	360	0	0	1
1	1	1	0	0	6	3	2	360	0	1	1
1	0	0	0	0	3	1	2	360	1	2	1
0	0	0	0	1	10	1	3	360	1	0	1
1	1	0	1	0	3	3	2	360	0	2	0
0	1	1	1	0	3	2	2	84	1	0	1
1	1	0	0	0	2	3	2	360	1	2	1
1	1	0	1	0	6	3	2	12	0	1	1
1	1	1	1	1	2	1	1	360	1	0	1
1	0	0	1	0	6	4	3	360	0	2	0
0	0	0	1	0	1	4	2	480	1	2	1
0	0	0	1	0	3	1	2	360	1	0	1
1	1	2	1	0	6	5	3	360	1	0	1
1	1	1	0	0	6	5	2	360	0	2	0
1	1	0	0	0	3	3	2	300	1	0	1
1	1	2	1	0	3	4	3	360	1	2	1
1	1	0	1	0	10	5	5	360	0	1	1
0	0	0	1	0	3	1	1	360	1	1	0
1	1	0	1	1	2	4	2	360	1	1	1
0	0	1	1	0	10	1	1	360	1	1	1
1	0	0	0	0	3	3	2	360	1	2	0
1	1	1	1	0	6	3	3	360	1	0	1
1	1	2	1	0	3	3	2	360	1	1	1
1	1	0	1	0	2	5	1	180	1	0	0
1	0	0	1	0	6	4	4	360	1	2	0
1	1	3	1	0	3	4	2	360	1	2	1
0	1	2	1	0	2	3	2	480	1	0	1
1	1	0	0	0	3	3	2	360	0	0	0
1	0	0	1	0	6	3	2	360	1	0	0
0	0	0	0	0	3	1	1	360	1	2	0
1	1	2	0	0	2	3	1	360	1	0	1
1	0	0	1	0	2	1	1	360	1	0	1
1	1	3	1	1	6	3	2	360	1	2	1
1	1	2	1	1	9	5	5	360	1	2	1
1	0	0	1	0	6	3	2	360	1	0	0
1	1	2	1	1	10	1	5	360	1	2	1
1	1	0	1	0	3	1	2	360	1	0	1
1	1	1	0	0	6	3	2	360	0	0	1
1	0	1	0	0	2	3	1	360	1	0	1
1	0	0	0	0	6	1	2	360	1	0	1
1	1	0	1	0	1	5	3	360	0	2	1
1	1	3	1	0	6	1	2	360	1	1	1
1	0	2	1	0	3	1	2	360	0	2	0
1	0	1	1	0	10	1	2	360	0	0	0
0	0	0	0	1	10	1	2	360	1	1	1
1	0	0	0	0	2	3	2	360	1	2	1
1	1	0	1	0	6	4	4	360	1	1	1
1	0	2	1	0	3	1	2	360	1	0	1
1	1	0	0	0	2	2	1	360	1	2	0
1	1	3	1	0	6	1	2	180	1	2	1
0	1	1	1	0	6	3	2	180	1	0	1
0	0	0	1	0	2	1	1	360	0	0	0
0	0	1	1	0	3	1	1	360	1	0	1
1	1	1	0	0	2	3	2	360	1	1	1
0	1	0	0	0	3	2	2	360	0	0	1
1	1	0	1	0	2	3	2	360	1	2	1
1	0	0	0	0	3	1	1	36	1	0	0
1	0	0	1	0	2	3	2	360	1	2	1
0	0	0	1	0	6	1	2	360	0	0	0
1	1	0	1	0	2	3	2	360	1	2	1
1	1	2	1	1	6	1	2	360	0	2	0
1	1	1	0	0	2	3	2	360	1	2	1
1	1	1	1	0	3	4	2	360	1	1	1
1	1	0	0	0	2	3	2	360	0	1	0
1	1	0	1	0	3	4	2	180	0	2	0
1	1	1	1	0	6	3	1	360	1	0	1
0	0	0	1	0	2	3	1	360	0	1	1
1	1	3	1	1	10	1	3	360	1	0	1
1	1	0	1	0	3	3	2	360	1	0	1
0	1	0	1	0	6	3	2	360	1	0	1
1	1	2	0	0	3	2	2	360	1	0	1
0	1	1	1	1	10	1	7	360	1	0	1
1	1	0	1	0	6	3	3	360	1	2	1
1	0	0	0	1	6	1	2	360	1	0	1
1	1	2	1	0	9	1	3	360	0	1	0
1	1	0	0	0	6	1	2	360	0	2	1
1	0	0	1	0	3	1	1	360	1	1	1
1	1	3	1	0	3	3	2	360	0	2	0
0	0	0	1	0	2	1	1	360	1	1	0
1	1	0	1	0	3	3	2	360	0	1	0
1	1	1	1	0	3	3	2	360	1	1	1
1	1	0	1	0	6	3	2	360	0	1	0
1	1	2	1	0	10	1	3	360	1	1	1
1	1	2	0	0	6	3	2	480	1	0	0
1	1	3	1	0	6	1	2	360	1	0	0
1	1	2	1	0	3	2	2	84	1	1	1
0	1	0	1	0	3	3	2	360	0	0	0
1	0	0	1	0	3	3	2	360	1	1	1
1	1	1	1	0	1	3	2	360	1	2	1
1	0	0	1	0	3	3	2	360	1	1	1
1	1	2	1	0	6	1	3	360	1	0	1
1	0	0	1	0	1	6	1	360	1	1	0
0	1	0	1	0	3	1	1	360	1	0	1
1	1	1	1	0	1	1	1	360	0	2	0
1	1	1	1	0	2	3	2	360	0	2	0
1	1	1	1	0	6	4	2	84	1	2	0
1	1	0	1	0	2	3	2	360	1	1	1
0	0	0	0	0	2	1	1	360	1	0	1
0	0	0	1	0	6	1	1	360	1	0	1
1	1	2	1	1	2	1	2	360	0	0	0
1	1	0	1	0	3	4	1	180	1	0	1
1	1	2	1	1	6	1	3	240	1	0	0
0	0	3	1	1	9	1	3	360	1	0	1
1	1	0	1	0	3	4	2	180	1	2	1
1	1	0	1	1	10	1	3	360	1	1	1
1	0	0	0	0	3	1	2	360	1	2	1
1	1	2	0	1	6	3	2	360	1	2	0
1	0	0	1	0	2	1	1	360	0	0	0
1	1	0	1	1	9	1	2	360	1	2	1
1	1	2	1	0	6	1	2	360	1	1	1
0	0	3	1	0	1	6	4	180	0	1	0
1	1	0	0	0	2	3	2	360	1	2	1
1	1	3	1	0	6	1	2	360	1	1	1
1	0	0	1	0	3	4	2	360	1	2	1
0	1	1	1	0	10	1	5	360	1	0	1
1	1	0	0	0	2	4	2	180	1	1	0
1	1	1	1	0	3	3	2	360	1	0	1
1	1	2	0	0	3	3	2	360	1	2	1
1	1	0	1	0	3	3	2	360	1	2	1
0	0	0	1	0	2	1	1	360	1	2	1
1	1	3	1	0	6	1	1	180	1	2	1
1	1	1	1	0	9	2	3	360	1	1	1
1	1	2	1	0	9	1	2	360	1	1	1
0	0	0	1	1	6	1	2	360	0	0	0
