653.381
696.94
359.36
653.381
767.723
1453.77
517.26
860.286
914.734
1900.25
381.139
593.488
1088.97
620.712
181.352
680.606
666.878
413.808
724.164
626.157
566.264
1715.13
631.602
609.823
822.172
1039.97
664.271
598.933
190.57
653.381
1094.41
402.919
577.154
620.712
1742.35
653.381
544.485
784.058
1001.85
598.933
435.588
255.908
408.363
729.609
522.705
479.146
239.573
784.058
653.381
784.058
544.485
653.381
609.823
729.609
1557.23
528.15
522.705
735.054
980.072
784.058
653.381
539.04
1315.58
653.381
631.602
1404.77
1004.62
1698.79
2366.07
740.499
936.513
528.15
479.434
517.26
1018.19
554.267
958.293
598.933
1065.41
707.83
604.378
653.381
909.289
1442.88
333.439
740.499
539.04
566.264
1143.42
952.848
713.275
1498.96
441.032
664.271
266.693
653.381
745.944
272.242
916.916
713.275
1060.43
822.172
653.381
653.381
871.175
544.485
1225.09
653.381
1176.09
461.072
740.499
756.833
827.616
653.381
642.492
1475.04
838.506
462.812
952.848
1410.21
980.072
239.573
745.944
441.032
1056.3
506.371
2014.59
653.381
1275.71
990.962
3188.26
402.919
381.139
266.693
555.374
1579.01
457.367
479.146
1317.65
702.385
1007.3
914.734
1395.31
664.271
1490.99
544.485
381.139
163.345
1225.09
680.606
642.492
827.616
1328.54
615.267
272.242
4783.91
871.175
1018.19
653.381
1388.44
533.595
1497.33
658.826
860.286
597.989
990.962
609.823
702.385
309.016
1088.97
517.26
4143.26
645.828
1018.19
473.702
631.602
549.929
2695.2
631.602
500.312
980.072
364.805
582.042
1415.66
588.043
653.381
390.65
315.801
914.734
1498.96
261.353
892.955
871.175
413.808
653.381
925.624
1018.19
653.381
615.267
451.922
490.036
903.844
956.782
735.054
675.161
653.381
435.588
299.466
321.246
691.495
1165.2
696.94
1306.76
707.83
745.944
544.485
735.054
713.275
392.029
691.495
326.691
631.602
784.058
952.848
696.94
925.624
751.389
1143.42
774.993
1088.97
566.264
334.874
653.381
1524.56
762.278
925.624
1388.44
664.271
609.823
522.705
653.381
1116.25
2933.92
588.043
669.716
956.782
609.823
1092.33
603.317
490.036
1094.41
751.389
566.264
2224.52
1045.41
1388.44
626.157
511.815
1655.23
696.94
1796.8
729.609
4654.19
653.381
696.94
822.172
816.727
871.175
735.054
490.036
163.345
740.499
686.05
816.727
490.036
626.157
1127.08
435.588
2373.95
675.161
860.286
609.823
621.908
294.022
653.381
484.591
585.975
653.381
626.157
1018.19
756.833
691.495
729.609
701.418
936.513
598.933
1088.97
735.054
740.658
615.267
506.371
571.709
718.72
522.705
762.278
653.381
735.054
566.264
2613.53
1007.3
457.367
604.378
304.911
2043.75
865.73
885.023
653.381
479.146
609.823
843.951
626.157
675.161
653.381
718.72
1633.45
2047.26
707.83
1001.85
598.933
364.805
637.047
533.595
386.584
3906.86
1451.12
381.139
871.175
958.293
653.381
386.584
941.958
250.463
860.286
402.919
680.606
871.175
827.616
686.05
1410.21
1018.19
1241.42
1677.01
517.26
571.709
707.83
924.889
898.399
364.805
490.502
1088.97
441.032
1284.98
707.83
562.299
767.723
724.164
470.882
675.161
952.848
3103.56
299.466
843.951
2249.2
885.023
598.933
956.782
707.83
707.83
348.256
707.83
696.94
1611.67
849.396
696.94
544.485
900.97
718.72
653.381
740.499
680.606
1007.3
1497.33
653.381
900.97
615.267
735.054
386.584
517.26
593.488
560.819
358.793
384.731
560.819
288.577
1056.3
626.157
626.157
359.36
899.678
1960.14
337.58
871.175
1186.98
598.933
969.182
326.691
871.175
1301.32
609.823
751.389
751.389
435.588
544.485
598.933
522.705
658.826
441.032
724.164
473.702
478.391
816.727
571.709
2205.16
778.613
544.485
800.254
272.242
653.381
1018.19
751.389
1018.19
980.072
805.837
827.616
1035.81
707.83
598.933
299.466
816.727
1034.52
680.606
355.136
811.282
717.586
457.367
522.705
642.492
941.958
740.499
871.175
871.175
1020.57
833.061
718.72
533.595
762.278
558.123
598.933
533.595
598.933
882.065
900.97
544.485
506.371
882.065
816.727
1361.36
718.72
468.257
653.381
838.506
615.267
696.94
1274.09
1339.43
713.275
435.588
2722.42
871.175
408.363
522.705
1012.74
598.933
1225.09
647.937
1490.23
582.598
9508.79
517.26
1137.97
554.267
544.485
1132.53
751.389
733.948
1323.1
2613.53
522.705
1023.63
217.794
544.485
1361.21
805.837
558.123
1693.35
816.727
554.267
669.716
1007.3
517.26
245.018
299.466
544.485
2613.53
653.381
2177.94
598.933
876.62
511.815
707.83
1176.09
544.485
598.933
1067.19
680.606
686.05
1764.13
582.598
359.36
1251.79
1116.25
539.04
517.26
696.94
555.374
843.951
2402.16
789.503
560.819
598.933
653.381
653.381
860.286
985.517
1052.46
141.566
457.367
1415.66
882.065
990.962
588.043
3266.91
1148.86
718.72
1404.77
653.381
381.139
669.716
49.0036
566.264
1012.74
898.399
1497.33
917.239
816.727
1532.81
740.499
598.933
582.598
876.62
1116.19
490.036
196.014
332.136
794.947
2441.14
566.264
381.139
511.815
577.154
446.498
1367.1
1589.89
1132.19
1415.66
598.933
1018.19
479.146
980.072
1045.41
2790.61
843.951
696.94
936.513
2700.64
956.782
941.958
854.841
588.043
386.584
318.927
1377.55
1018.19
724.164
