614	7
Education	Dependents	Married	Credit_History	Property_Area	avg_income	avg_payment	Loan_Status
101	200	300	401	501	487.417	653.381	1
101	201	301	401	502	507.583	696.94	0
101	200	301	401	501	250	359.36	1
100	200	301	401	501	411.75	653.381	1
101	200	300	401	501	500	767.723	1
101	202	301	401	501	801.083	1453.77	1
100	200	301	401	501	320.75	517.26	1
101	203	301	400	500	461.667	860.286	0
101	202	301	401	501	461	914.734	1
101	201	301	401	500	1984.08	1900.25	0
101	202	301	401	501	325	381.139	1
101	202	301	401	501	361.667	593.488	1
101	202	301	401	501	931.583	1088.97	1
101	200	300	401	502	391.083	620.712	0
101	202	301	401	501	198.75	181.352	1
101	200	300	401	501	412.5	680.606	1
100	201	300	400	501	299.667	666.878	1
101	200	300	400	501	292.5	413.808	0
100	200	301	401	502	407.25	724.164	0
101	200	301	401	501	508.333	626.157	1
100	200	301	400	501	638.333	566.264	0
101	201	301	401	501	965	1715.13	1
100	200	301	400	500	375.917	631.602	0
100	202	301	400	502	440.167	609.823	0
101	201	301	400	500	553.5	822.172	0
101	200	301	401	500	796.667	1039.97	1
101	200	301	401	500	421	664.271	1
100	202	301	401	501	438.833	598.933	1
100	200	300	401	501	120.167	190.57	0
101	202	300	401	500	486.083	653.381	1
101	201	301	400	501	627.917	1094.41	0
101	200	300	401	501	263.917	402.919	0
101	201	300	401	502	391	577.154	0
101	200	301	401	500	430.583	620.712	1
101	203	300	401	502	1291.67	1742.35	0
101	200	301	401	501	361.833	653.381	1
101	200	301	400	501	263.167	544.485	0
101	200	301	401	500	427.167	784.058	1
101	200	300	401	501	948	1001.85	1
100	200	300	401	500	451.333	598.933	1
101	200	300	401	501	300	435.588	0
101	200	300	401	501	251.083	255.908	1
101	200	301	400	501	200	408.363	1
101	200	301	401	500	523.083	729.609	1
100	200	301	401	501	391.25	522.705	1
101	200	300	401	501	284.167	479.146	1
101	201	301	401	501	470.75	239.573	1
101	200	301	401	501	485.083	784.058	1
101	200	301	400	501	507.083	653.381	0
101	200	300	401	500	522.917	784.058	1
100	200	301	401	500	297.667	544.485	1
101	200	300	401	500	257.167	653.381	1
101	200	300	401	500	352.5	609.823	0
101	202	301	401	501	384.667	729.609	0
101	201	301	400	501	958.333	1557.23	0
101	202	301	401	500	322.917	528.15	1
101	200	301	401	500	310.25	522.705	1
101	200	301	401	502	463.833	735.054	0
101	201	301	401	501	860.833	980.072	1
100	202	301	401	501	518	784.058	1
101	200	301	401	501	524.667	653.381	1
101	203	301	401	501	252.417	539.04	1
100	200	301	400	502	504.833	1315.58	0
101	201	301	400	502	412.083	653.381	0
101	200	300	400	500	347.167	631.602	0
101	200	301	401	500	860.083	1404.77	0
100	200	300	400	501	454.5	1004.62	0
101	201	301	401	501	895.833	1698.79	1
100	203	301	401	501	591.667	2366.07	1
101	200	300	400	500	358.333	740.499	0
101	200	301	401	501	522.833	936.513	1
100	202	301	401	500	312.5	528.15	1
101	200	300	401	500	291.667	479.434	1
100	203	301	400	500	396.25	517.26	0
101	203	301	401	500	586.667	1018.19	1
101	200	300	401	501	312.5	554.267	0
101	200	300	401	501	708.333	958.293	0
101	201	301	401	501	335.167	598.933	0
101	203	301	400	500	597.25	1065.41	0
100	203	301	400	500	458.25	707.83	1
101	200	300	401	500	320.5	604.378	1
101	201	301	401	500	199.583	653.381	1
101	202	301	401	501	271.583	909.289	0
101	200	301	400	500	687.5	1442.88	0
101	201	301	401	501	332.333	333.439	1
101	200	300	401	500	408.083	740.499	1
100	202	301	400	500	444.417	539.04	1
101	200	301	401	500	384.833	566.264	1
101	200	300	401	501	713.833	1143.42	1
101	200	301	401	500	821.833	952.848	1
101	200	301	401	500	488.167	713.275	1
101	202	301	401	500	992	1498.96	1
100	202	301	401	501	424.417	441.032	1
101	200	300	401	500	344.417	664.271	1
100	200	300	401	500	301.667	266.693	1
101	200	300	400	501	565.167	653.381	0
101	200	301	401	500	398.833	745.944	1
101	200	301	401	500	247.833	272.242	1
100	200	301	401	500	349	916.916	1
101	200	301	401	500	441.667	713.275	1
100	202	301	401	501	629.25	1060.43	1
101	200	300	401	500	720.75	822.172	1
101	200	301	401	501	1137.5	653.381	1
101	200	301	401	500	686.25	653.381	1
101	200	300	401	501	380.833	871.175	1
101	201	301	401	501	340.167	544.485	1
101	202	301	401	501	1045.25	1225.09	1
100	200	300	401	502	611.083	653.381	0
101	202	301	400	501	616.667	1176.09	0
100	203	301	401	500	235.417	461.072	1
101	200	300	401	501	443	740.499	1
101	200	301	401	500	438.5	756.833	1
100	200	301	400	502	640.5	827.616	0
101	201	300	401	500	620.917	653.381	1
101	200	300	401	500	420.833	642.492	1
101	201	301	401	502	1215.25	1475.04	1
101	200	301	401	500	454.167	838.506	1
101	201	301	400	501	301	462.812	1
101	200	301	401	502	642.5	952.848	0
101	200	300	401	501	867.333	1410.21	1
101	200	301	401	502	694.5	980.072	1
101	200	300	401	500	347.167	239.573	1
101	200	300	400	500	926.417	745.944	1
101	202	301	401	500	246.417	441.032	1
100	200	301	401	502	526.167	1056.3	1
101	200	300	400	502	307.667	506.371	1
101	203	301	401	502	1983.58	2014.59	1
101	200	300	401	502	458.75	653.381	1
101	201	301	400	501	1196.92	1275.71	0
101	200	301	400	502	720.75	990.962	0
101	200	300	400	501	1680.5	3188.26	1
101	200	300	401	501	328.583	402.919	1
101	200	300	401	500	226.5	381.139	1
101	200	301	401	500	288.25	266.693	1
101	200	300	401	500	407.917	555.374	1
101	203	301	401	500	979.167	1579.01	0
101	200	301	401	502	381.917	457.367	0
101	202	301	401	501	568	479.146	1
101	200	300	400	500	1249.92	1317.65	0
100	202	301	401	502	469.167	702.385	0
101	202	301	401	502	593.75	1007.3	0
101	200	300	401	501	451.417	914.734	1
101	200	300	401	500	579.167	1395.31	1
101	200	301	401	500	394.333	664.271	1
101	202	301	401	501	979.75	1490.99	1
101	200	301	401	500	568	544.485	1
101	202	301	401	501	1238.83	381.139	1
101	201	301	401	501	246.917	163.345	1
101	200	300	401	502	972.167	1225.09	0
101	200	301	401	500	474.167	680.606	1
101	200	300	400	502	523.083	642.492	0
101	200	301	401	502	527.25	827.616	1
101	200	300	401	501	763.833	1328.54	0
100	202	301	401	502	190.083	615.267	0
101	200	300	401	501	271.167	272.242	1
101	203	301	400	500	3333.25	4783.91	1
101	201	301	400	502	500	871.175	1
101	201	301	401	501	794.833	1018.19	1
101	200	300	401	502	421.917	653.381	1
101	200	301	401	500	850.667	1388.44	1
100	200	301	401	500	242	533.595	1
101	200	301	401	501	661.083	1497.33	0
101	201	301	400	500	364.083	658.826	0
101	202	301	401	502	467.833	860.286	1
101	200	301	401	501	776.917	597.989	1
101	200	301	401	502	572.75	990.962	1
101	200	301	401	502	381.917	609.823	0
101	200	301	401	502	481	702.385	1
101	200	300	400	500	186.417	309.016	0
101	202	301	401	500	666.667	1088.97	1
100	200	301	401	502	299.083	517.26	1
101	203	301	401	501	4313.58	4143.26	1
100	203	301	401	502	293.5	645.828	0
101	200	301	401	500	944.417	1018.19	1
100	200	301	401	500	423.333	473.702	0
101	200	301	401	502	455.083	631.602	1
101	202	301	401	502	305.333	549.929	1
101	203	301	400	500	1401.33	2695.2	0
101	201	301	401	500	312.5	631.602	1
100	200	300	400	501	315.333	500.312	0
101	201	301	400	501	1137.5	980.072	0
101	200	300	400	502	581.583	364.805	0
101	200	301	401	500	383.333	582.042	1
101	201	301	401	500	2820.5	1415.66	0
101	200	301	401	500	302.083	588.043	1
101	200	301	401	500	3658.08	653.381	1
101	201	301	400	502	181.5	390.65	0
101	200	301	400	502	376.75	315.801	1
101	200	301	401	502	497.5	914.734	1
101	200	301	401	502	777.333	1498.96	1
100	200	300	401	502	407.083	261.353	1
101	200	300	401	500	1000	892.955	0
100	200	301	401	501	502.75	871.175	0
101	200	300	401	500	321.5	413.808	1
101	200	300	401	502	349.25	653.381	1
101	201	301	401	500	475.667	925.624	0
101	200	300	401	502	1006.92	1018.19	1
100	200	300	401	501	356	653.381	1
101	200	301	400	500	519.333	615.267	1
101	200	300	401	501	916.667	451.922	0
100	201	301	401	500	425	490.036	1
101	202	300	400	500	410.25	903.844	1
100	203	301	401	501	332.667	956.782	0
100	201	301	401	501	381.917	735.054	1
100	202	301	401	500	326.417	675.161	1
100	200	300	401	500	367.333	653.381	1
101	200	300	401	501	270.333	435.588	1
100	200	300	401	502	542.167	299.466	1
101	200	300	401	501	206.583	321.246	1
101	200	300	401	500	284.833	691.495	0
101	200	300	401	500	833.333	1165.2	0
101	203	301	400	500	390	696.94	0
101	201	301	401	501	648.917	1306.76	1
100	203	301	401	502	475.25	707.83	1
101	200	301	401	501	516.167	745.944	1
100	203	301	401	500	402.75	544.485	1
101	200	301	401	502	162.5	735.054	0
101	200	301	401	500	458.5	713.275	1
101	202	301	400	500	416.667	392.029	0
101	202	301	400	500	555.5	691.495	1
101	200	301	400	501	185.083	326.691	0
101	202	301	401	500	477.167	631.602	1
101	200	300	401	500	480.167	784.058	1
101	200	301	401	500	715.667	952.848	1
101	200	301	401	500	520.833	696.94	1
101	200	301	401	502	270.833	925.624	0
100	200	301	401	501	394.583	751.389	0
101	202	301	401	500	662.083	1143.42	1
101	200	300	401	500	396.5	774.993	1
101	200	300	401	502	533.333	1088.97	1
101	201	301	401	500	378.75	566.264	1
101	200	301	401	502	309.667	334.874	1
100	200	300	401	502	482.25	653.381	1
101	200	300	401	500	694.417	1524.56	1
101	201	301	401	500	411.167	762.278	1
101	201	301	401	502	563.333	925.624	1
101	200	301	400	501	478.833	1388.44	0
101	200	300	400	501	288.583	664.271	1
101	201	300	401	502	317.667	609.823	1
101	201	301	401	500	276.25	522.705	1
101	202	301	401	502	901.583	653.381	1
100	201	301	401	501	374.417	1116.25	0
101	200	300	401	501	722.167	2933.92	1
101	202	301	401	502	629.167	588.043	1
100	200	301	401	500	651.917	669.716	1
101	200	300	401	501	865.25	956.782	0
101	202	301	401	501	808.583	609.823	1
100	201	301	401	501	550.667	1092.33	1
101	201	301	401	500	393.75	603.317	1
101	200	301	401	501	306.417	490.036	1
100	200	301	400	500	463.167	1094.41	0
101	202	300	401	501	285.583	751.389	0
100	200	300	401	502	395.833	566.264	1
100	201	301	401	500	813.5	2224.52	1
101	200	300	400	501	1354.17	1045.41	0
101	203	300	401	502	256.917	1388.44	1
100	200	300	400	502	503.75	626.157	0
101	203	301	401	501	437.5	511.815	0
101	200	301	401	502	1398.58	1655.23	0
100	203	301	400	500	410.917	696.94	0
101	201	301	400	501	861.083	1796.8	1
101	200	300	401	500	355.75	729.609	1
101	201	300	401	500	290.083	4654.19	0
101	200	300	401	502	600	653.381	1
101	200	300	401	500	430.5	696.94	1
101	200	300	401	502	628.5	822.172	1
101	202	301	401	500	507.917	816.727	1
101	203	301	400	501	512	871.175	1
101	200	300	401	502	284.833	735.054	0
101	201	300	401	501	369.667	490.036	1
101	200	300	401	501	269.75	163.345	1
101	200	301	401	501	928.833	740.499	1
101	200	300	401	502	390.833	686.05	1
101	200	301	401	500	403.583	816.727	1
101	202	301	401	500	325	490.036	1
101	201	301	401	500	382.667	626.157	1
101	200	301	401	500	605.583	1127.08	1
101	200	301	401	501	366.917	435.588	1
101	200	301	401	500	1215.25	2373.95	1
100	200	301	400	502	341.667	675.161	1
100	201	300	400	501	539.917	860.286	0
101	200	301	401	500	393.917	609.823	1
101	202	301	401	501	273.9	621.908	1
101	200	300	401	501	289.75	294.022	1
101	200	301	401	502	1722.25	653.381	0
101	200	300	401	502	517.583	484.591	1
101	200	300	401	500	359.75	585.975	0
101	200	301	401	502	475.333	653.381	1
101	200	300	401	500	343.667	626.157	1
101	200	300	401	502	792.333	1018.19	1
101	200	301	401	502	457.583	756.833	1
101	202	301	400	500	366.667	691.495	0
101	202	301	401	501	392.75	729.609	1
101	200	300	400	501	451.417	701.418	0
101	200	301	401	500	476.417	936.513	1
101	203	301	401	501	472.167	598.933	1
101	201	301	401	500	572.917	1088.97	1
101	201	301	401	501	388.833	735.054	1
101	200	300	401	502	628.417	740.658	0
101	201	301	401	501	411.583	615.267	0
100	200	301	400	501	394.5	506.371	0
100	200	301	401	500	385.417	571.709	1
101	200	300	401	502	416.667	718.72	1
101	201	301	401	501	285.667	522.705	1
101	200	300	401	502	541.667	762.278	1
100	200	300	401	501	166.667	653.381	0
101	200	300	401	502	452.333	735.054	1
101	200	300	400	501	355.25	566.264	0
101	200	300	401	502	1686.08	2613.53	0
100	202	301	400	502	638.917	1007.3	1
101	200	300	401	500	243.083	457.367	1
100	200	300	401	500	444.333	604.378	1
101	200	300	401	502	208.917	304.911	1
101	202	301	400	502	478.833	2043.75	1
101	200	301	401	502	359.667	865.73	0
100	201	301	401	501	419.917	885.023	1
101	202	301	401	500	309.75	653.381	1
101	200	301	400	501	349.333	479.146	1
101	201	300	400	500	295.083	609.823	1
101	201	301	401	502	833.333	843.951	0
101	200	301	401	500	380.583	626.157	1
101	203	301	401	500	377.583	675.161	1
100	202	301	401	502	432.583	653.381	1
101	200	300	400	502	512.583	718.72	1
101	203	301	401	502	1250	1633.45	1
101	201	301	400	502	1137.42	2047.26	0
101	200	300	400	502	409.75	707.83	1
101	200	301	401	500	664.833	1001.85	1
101	200	301	401	501	565.333	598.933	0
101	200	300	401	501	208.333	364.805	1
101	201	300	401	501	514.75	637.047	1
101	200	300	401	500	244.583	533.595	1
101	200	300	401	501	236.083	386.584	1
101	200	301	401	501	5278.08	3906.86	1
101	201	301	401	501	972.167	1451.12	1
101	200	301	401	500	832.75	381.139	1
101	201	301	401	502	494.833	871.175	1
101	202	301	401	502	591.667	958.293	1
100	203	300	400	501	152.5	653.381	0
101	200	300	401	500	346.667	386.584	1
100	203	301	401	502	352.833	941.958	0
101	200	300	401	502	198.167	250.463	0
100	201	301	401	501	481.917	860.286	1
100	203	301	401	500	264.417	402.919	1
101	202	301	401	502	409.417	680.606	1
101	200	301	401	500	413.083	871.175	1
100	200	301	400	502	562.75	827.616	0
100	202	301	401	501	437.583	686.05	1
101	200	301	400	500	909.667	1410.21	1
101	200	301	401	502	739.583	1018.19	1
101	200	301	401	500	756.917	1241.42	1
101	200	300	401	502	1076.42	1677.01	0
101	203	301	401	502	395.75	517.26	1
101	200	301	400	502	458.333	571.709	0
101	200	301	401	500	244	707.83	1
101	200	300	401	501	317.75	924.889	1
101	202	301	401	502	958.333	898.399	1
101	201	301	401	501	322.917	364.805	0
100	200	301	400	501	388.833	490.502	0
101	203	301	401	500	694.5	1088.97	1
101	201	300	401	500	393.583	441.032	0
101	202	301	401	500	722.25	1284.98	1
101	200	301	401	501	590.25	707.83	1
101	200	301	400	501	503.833	562.299	1
101	200	300	401	502	568.5	767.723	1
100	200	300	401	502	518	724.164	0
101	200	300	401	500	208.333	470.882	0
101	200	300	400	502	427	675.161	0
101	201	301	401	500	527.083	952.848	1
101	200	301	401	502	2083	3103.56	0
101	200	300	401	500	1313.25	299.466	1
101	202	301	401	500	432.083	843.951	1
101	202	301	401	502	1433	2249.2	1
101	201	300	400	501	420.75	885.023	0
101	200	300	401	501	351.917	598.933	1
101	200	301	401	501	478.333	956.782	1
101	203	301	401	502	1145.5	707.83	1
101	200	301	400	500	359.167	707.83	1
101	200	300	401	501	255.75	348.256	0
101	202	301	401	501	449.25	707.83	1
101	200	301	401	500	486.083	696.94	1
101	200	300	401	500	847.75	1611.67	1
101	200	300	401	501	500	849.396	1
101	200	300	401	501	597.25	696.94	1
101	202	301	401	501	380.5	544.485	0
101	201	300	401	501	305.583	900.97	1
100	200	300	401	500	328.833	718.72	1
100	200	301	400	501	512.167	653.381	0
101	200	301	401	501	395.833	740.499	1
101	200	301	401	502	457.333	680.606	1
101	203	300	401	502	763.917	1007.3	1
101	203	301	401	502	792	1497.33	1
101	200	301	400	501	391.5	653.381	1
100	202	301	401	500	301.5	900.97	1
101	202	301	401	501	375	615.267	1
101	202	301	400	500	313.333	735.054	1
101	200	300	400	501	265	386.584	0
101	200	301	401	501	374.333	517.26	1
100	200	300	401	502	464	593.488	1
101	200	300	400	500	275	560.819	0
100	202	301	400	501	240.75	358.793	0
100	200	300	401	502	229.583	384.731	0
101	200	300	401	500	1875	560.819	1
100	200	300	401	500	163.583	288.577	1
101	200	300	401	502	620.083	1056.3	0
101	200	300	401	500	378.917	626.157	1
100	200	301	401	501	380.583	626.157	1
100	200	300	401	502	184.417	359.36	1
101	201	301	400	500	691.667	899.678	0
101	203	301	400	502	6750	1960.14	0
100	201	300	401	500	322.25	337.58	0
101	200	301	400	501	521.333	871.175	1
100	200	301	400	502	508	1186.98	0
100	200	301	401	502	357.167	598.933	1
100	200	301	400	500	448.833	969.182	0
101	200	300	401	501	249.583	326.691	1
101	201	300	401	501	216.667	871.175	0
101	202	301	401	501	1800	1301.32	0
101	200	301	401	502	316.5	609.823	1
101	200	301	401	500	388.583	751.389	1
101	200	301	401	502	485.75	751.389	1
100	200	300	400	501	226.667	435.588	0
101	200	301	401	501	294.917	544.485	1
101	201	301	400	501	743.083	598.933	0
101	200	301	401	500	1240	522.705	1
101	200	301	401	502	580.5	658.826	1
100	201	300	401	502	383.833	441.032	0
101	202	301	401	500	494.583	724.164	1
101	200	301	401	502	244.677	473.702	1
100	200	300	401	501	226.417	478.391	1
101	201	300	401	500	718.667	816.727	1
101	200	300	400	502	541.667	571.709	0
101	200	300	401	500	1073	2205.16	1
101	200	301	401	500	397.083	778.613	1
101	200	300	401	501	312.5	544.485	1
101	200	300	401	500	837.25	800.254	1
101	200	300	401	500	314.75	272.242	1
101	200	301	401	501	278.167	653.381	1
101	200	300	400	501	868	1018.19	0
100	200	301	401	502	595.167	751.389	1
101	200	300	401	500	727	1018.19	1
101	200	301	401	502	811.167	980.072	1
100	203	300	401	500	558.333	805.837	1
101	201	300	401	500	3143.25	827.616	1
101	200	301	400	502	1305.5	1035.81	1
101	201	301	401	502	389.667	707.83	1
100	202	301	401	502	387.667	598.933	1
101	200	301	401	502	409.583	299.466	0
101	202	301	400	502	420.833	816.727	0
100	201	300	400	500	359.25	1034.52	0
100	202	301	400	502	297	680.606	0
100	202	301	400	501	284.5	355.136	1
101	200	301	400	502	473.417	811.282	0
101	200	301	400	502	412.417	717.586	1
101	200	300	401	500	590.417	457.367	1
101	202	301	401	500	321.583	522.705	1
101	200	301	401	501	358.417	642.492	1
101	200	301	401	501	523.083	941.958	0
101	202	300	401	502	362.833	740.499	1
101	200	301	401	500	694.5	871.175	0
101	200	301	400	500	513.833	871.175	1
101	203	301	401	501	645	1020.57	1
101	200	301	401	502	433.583	833.061	1
100	201	300	401	500	432.583	718.72	1
101	200	300	400	500	347.167	533.595	0
101	200	300	401	502	500	762.278	1
100	203	301	400	501	384.25	558.123	0
101	200	301	401	500	1391	598.933	1
100	202	301	401	500	260.583	533.595	1
101	200	301	401	501	565.333	598.933	0
101	201	301	401	500	460.75	882.065	1
100	201	301	400	502	346.083	900.97	0
101	203	301	401	500	390.917	544.485	1
101	200	300	400	501	208.333	506.371	1
101	202	300	401	502	848.333	882.065	1
101	202	301	401	502	1461.58	816.727	1
101	202	301	401	500	704.167	1361.36	1
101	202	301	400	500	395.417	718.72	0
101	201	301	401	500	1576.42	468.257	1
101	202	301	401	501	379.167	653.381	0
100	200	300	401	502	362.5	838.506	1
100	203	301	401	502	257.917	615.267	1
101	200	301	401	500	436.083	696.94	1
101	200	301	401	500	902.75	1274.09	1
101	202	301	401	500	694.417	1339.43	1
100	201	301	401	502	366.167	713.275	1
101	202	300	400	502	295.583	435.588	0
101	201	301	401	501	1527.75	2722.42	0
101	202	301	401	500	555.5	871.175	1
101	200	300	401	501	202.917	408.363	0
100	200	300	400	500	457	522.705	1
100	201	301	400	501	538.667	1012.74	1
100	200	300	401	502	307.583	598.933	1
100	200	300	401	500	1438.58	1225.09	1
101	200	301	400	502	479.5	647.937	0
101	201	301	401	500	353.25	1490.23	1
100	200	301	401	502	358.333	582.598	1
101	200	301	400	501	623.5	9508.79	1
101	201	301	401	500	241.25	517.26	1
101	200	300	400	502	891.583	1137.97	0
101	200	300	401	502	360.667	554.267	1
101	200	300	401	500	263.25	544.485	1
101	202	301	401	500	874.083	1132.53	1
100	201	301	400	502	779.333	751.389	0
100	200	301	401	500	441.417	733.948	1
101	202	301	401	502	660.5	1323.1	1
101	200	301	400	501	2291.67	2613.53	1
101	200	300	401	501	298.583	522.705	0
101	200	301	401	501	457.667	1023.63	1
101	201	300	401	501	1105.17	217.794	1
100	200	300	401	502	407.083	544.485	0
101	201	301	401	500	672.417	1361.21	1
101	202	301	401	501	443.167	805.837	1
101	200	301	401	500	733	558.123	0
101	200	300	401	502	790.083	1693.35	0
101	203	301	401	502	574.5	816.727	1
101	202	301	401	500	305.25	554.267	1
100	200	301	400	500	406.167	669.716	0
101	200	300	401	500	549.833	1007.3	0
100	200	300	401	502	283.333	517.26	0
100	202	301	401	500	327.833	245.018	1
101	200	300	401	500	208.333	299.466	1
101	203	301	401	502	591.75	544.485	1
101	202	301	401	502	1259.5	2613.53	1
101	200	300	401	500	563.917	653.381	0
101	202	301	401	502	1458.33	2177.94	1
101	200	301	401	500	314.583	598.933	1
100	201	301	400	500	559.583	876.62	1
100	201	300	401	500	331.75	511.815	1
100	200	300	401	500	565.25	707.83	1
101	200	301	400	502	543.75	1176.09	1
101	203	301	401	501	356.75	544.485	1
101	202	300	400	502	299	598.933	0
101	201	300	400	500	937.5	1067.19	0
100	200	300	401	501	1513.75	680.606	1
100	200	300	401	502	382.667	686.05	1
101	200	301	401	501	836.583	1764.13	1
101	202	300	401	500	301.417	582.598	1
100	200	301	401	502	287.75	359.36	0
101	203	301	401	502	534.75	1251.79	1
101	201	301	401	500	621.083	1116.25	1
101	200	300	400	500	178.167	539.04	0
101	201	300	401	500	304.333	517.26	1
100	201	301	401	501	396.917	696.94	1
100	200	301	400	500	306.667	555.374	1
101	200	301	401	502	393.167	843.951	1
100	200	300	401	500	279.833	2402.16	0
101	200	300	401	502	359.083	789.503	1
101	200	300	400	500	416.667	560.819	0
101	200	301	401	502	400.083	598.933	1
101	202	301	400	502	552.75	653.381	0
100	201	301	401	502	405.583	653.381	1
101	201	301	401	501	548.583	860.286	1
100	200	301	400	501	398.917	985.517	0
101	200	301	400	502	654.917	1052.46	0
101	201	301	401	500	541.667	141.566	1
101	200	300	400	501	357.667	457.367	1
101	203	301	401	500	844.917	1415.66	1
101	200	301	401	500	546.333	882.065	1
101	200	301	401	500	540.5	990.962	1
100	202	301	401	500	326.417	588.043	1
101	201	301	401	500	1623.67	3266.91	1
101	200	301	401	502	664.75	1148.86	1
100	200	300	401	500	483.333	718.72	1
101	202	301	400	501	733.25	1404.77	0
100	200	301	400	502	372.25	653.381	1
101	200	300	401	501	277.75	381.139	1
101	203	301	400	502	491.667	669.716	0
101	200	300	401	501	198.167	49.0036	0
101	200	301	400	501	435.833	566.264	0
101	201	301	401	501	430.583	1012.74	1
101	200	301	400	501	547.25	898.399	0
101	202	301	401	501	1388.83	1497.33	1
100	202	301	401	500	645.833	917.239	0
101	203	301	401	500	533.833	816.727	0
101	202	301	401	501	301.667	1532.81	1
101	200	301	400	500	441.417	740.499	0
101	200	300	401	501	497.333	598.933	1
101	201	301	401	502	334.5	582.598	1
101	200	300	401	501	508.25	876.62	1
101	202	301	401	500	545	1116.19	1
101	200	300	401	501	2972.75	490.036	0
101	200	301	401	500	263.833	196.014	1
101	201	301	400	502	156.667	332.136	0
101	201	301	400	502	392	794.947	0
101	201	301	401	502	606.917	2441.14	0
101	200	301	401	501	318.25	566.264	1
100	200	300	401	500	180.417	381.139	1
101	200	300	401	500	395.833	511.815	1
101	202	301	400	500	227.167	577.154	0
101	200	301	401	500	534.667	446.498	1
101	202	301	401	500	500	1367.1	0
101	203	300	401	500	779.75	1589.89	1
101	200	301	401	502	596.583	1132.19	1
101	200	301	401	501	1343.33	1415.66	1
100	200	300	401	502	319.417	598.933	1
100	202	301	401	502	615.25	1018.19	0
101	200	300	400	500	248.917	479.146	0
101	200	301	401	502	830.25	980.072	1
101	202	301	401	501	481.667	1045.41	1
101	203	300	400	501	3506.92	2790.61	0
100	200	301	401	502	473.833	843.951	1
101	203	301	401	501	475.25	696.94	1
101	200	300	401	502	664.75	936.513	1
101	201	301	401	500	1000	2700.64	1
100	200	301	401	501	516.667	956.782	0
101	201	301	401	500	491.667	941.958	1
100	202	301	401	502	449.833	854.841	1
101	200	301	401	502	431.833	588.043	1
101	200	300	401	502	241.667	386.584	1
101	203	301	401	502	342.167	318.927	1
101	201	301	401	501	692.667	1377.55	1
101	202	301	401	501	631.917	1018.19	1
101	200	300	400	500	381.917	724.164	0
