487.417
507.583
250
411.75
500
801.083
320.75
461.667
461
1984.08
325
361.667
931.583
391.083
198.75
412.5
299.667
292.5
407.25
508.333
638.333
965
375.917
440.167
553.5
796.667
421
438.833
120.167
486.083
627.917
263.917
391
430.583
1291.67
361.833
263.167
427.167
948
451.333
300
251.083
200
523.083
391.25
284.167
470.75
485.083
507.083
522.917
297.667
257.167
352.5
384.667
958.333
322.917
310.25
463.833
860.833
518
524.667
252.417
504.833
412.083
347.167
860.083
454.5
895.833
591.667
358.333
522.833
312.5
291.667
396.25
586.667
312.5
708.333
335.167
597.25
458.25
320.5
199.583
271.583
687.5
332.333
408.083
444.417
384.833
713.833
821.833
488.167
992
424.417
344.417
301.667
565.167
398.833
247.833
349
441.667
629.25
720.75
1137.5
686.25
380.833
340.167
1045.25
611.083
616.667
235.417
443
438.5
640.5
620.917
420.833
1215.25
454.167
301
642.5
867.333
694.5
347.167
926.417
246.417
526.167
307.667
1983.58
458.75
1196.92
720.75
1680.5
328.583
226.5
288.25
407.917
979.167
381.917
568
1249.92
469.167
593.75
451.417
579.167
394.333
979.75
568
1238.83
246.917
972.167
474.167
523.083
527.25
763.833
190.083
271.167
3333.25
500
794.833
421.917
850.667
242
661.083
364.083
467.833
776.917
572.75
381.917
481
186.417
666.667
299.083
4313.58
293.5
944.417
423.333
455.083
305.333
1401.33
312.5
315.333
1137.5
581.583
383.333
2820.5
302.083
3658.08
181.5
376.75
497.5
777.333
407.083
1000
502.75
321.5
349.25
475.667
1006.92
356
519.333
916.667
425
410.25
332.667
381.917
326.417
367.333
270.333
542.167
206.583
284.833
833.333
390
648.917
475.25
516.167
402.75
162.5
458.5
416.667
555.5
185.083
477.167
480.167
715.667
520.833
270.833
394.583
662.083
396.5
533.333
378.75
309.667
482.25
694.417
411.167
563.333
478.833
288.583
317.667
276.25
901.583
374.417
722.167
629.167
651.917
865.25
808.583
550.667
393.75
306.417
463.167
285.583
395.833
813.5
1354.17
256.917
503.75
437.5
1398.58
410.917
861.083
355.75
290.083
600
430.5
628.5
507.917
512
284.833
369.667
269.75
928.833
390.833
403.583
325
382.667
605.583
366.917
1215.25
341.667
539.917
393.917
273.9
289.75
1722.25
517.583
359.75
475.333
343.667
792.333
457.583
366.667
392.75
451.417
476.417
472.167
572.917
388.833
628.417
411.583
394.5
385.417
416.667
285.667
541.667
166.667
452.333
355.25
1686.08
638.917
243.083
444.333
208.917
478.833
359.667
419.917
309.75
349.333
295.083
833.333
380.583
377.583
432.583
512.583
1250
1137.42
409.75
664.833
565.333
208.333
514.75
244.583
236.083
5278.08
972.167
832.75
494.833
591.667
152.5
346.667
352.833
198.167
481.917
264.417
409.417
413.083
562.75
437.583
909.667
739.583
756.917
1076.42
395.75
458.333
244
317.75
958.333
322.917
388.833
694.5
393.583
722.25
590.25
503.833
568.5
518
208.333
427
527.083
2083
1313.25
432.083
1433
420.75
351.917
478.333
1145.5
359.167
255.75
449.25
486.083
847.75
500
597.25
380.5
305.583
328.833
512.167
395.833
457.333
763.917
792
391.5
301.5
375
313.333
265
374.333
464
275
240.75
229.583
1875
163.583
620.083
378.917
380.583
184.417
691.667
6750
322.25
521.333
508
357.167
448.833
249.583
216.667
1800
316.5
388.583
485.75
226.667
294.917
743.083
1240
580.5
383.833
494.583
244.677
226.417
718.667
541.667
1073
397.083
312.5
837.25
314.75
278.167
868
595.167
727
811.167
558.333
3143.25
1305.5
389.667
387.667
409.583
420.833
359.25
297
284.5
473.417
412.417
590.417
321.583
358.417
523.083
362.833
694.5
513.833
645
433.583
432.583
347.167
500
384.25
1391
260.583
565.333
460.75
346.083
390.917
208.333
848.333
1461.58
704.167
395.417
1576.42
379.167
362.5
257.917
436.083
902.75
694.417
366.167
295.583
1527.75
555.5
202.917
457
538.667
307.583
1438.58
479.5
353.25
358.333
623.5
241.25
891.583
360.667
263.25
874.083
779.333
441.417
660.5
2291.67
298.583
457.667
1105.17
407.083
672.417
443.167
733
790.083
574.5
305.25
406.167
549.833
283.333
327.833
208.333
591.75
1259.5
563.917
1458.33
314.583
559.583
331.75
565.25
543.75
356.75
299
937.5
1513.75
382.667
836.583
301.417
287.75
534.75
621.083
178.167
304.333
396.917
306.667
393.167
279.833
359.083
416.667
400.083
552.75
405.583
548.583
398.917
654.917
541.667
357.667
844.917
546.333
540.5
326.417
1623.67
664.75
483.333
733.25
372.25
277.75
491.667
198.167
435.833
430.583
547.25
1388.83
645.833
533.833
301.667
441.417
497.333
334.5
508.25
545
2972.75
263.833
156.667
392
606.917
318.25
180.417
395.833
227.167
534.667
500
779.75
596.583
1343.33
319.417
615.25
248.917
830.25
481.667
3506.92
473.833
475.25
664.75
1000
516.667
491.667
449.833
431.833
241.667
342.167
692.667
631.917
381.917
