Gender	Married	Dependents	Education	Self_Employed	ApplicantIncome	CoapplicantIncome	LoanAmount	Loan_Amount_Term	Credit_History	Property_Area	Loan_Status
1	0	0	1	0	6	0		360	1	1	1
1	1	1	1	0	6	1508	128	360	1	2	0
1	1	0	1	1	3	0	66	360	1	1	1
1	1	0	0	0	2	2358	120	360	1	1	1
1	0	0	1	0	6	0	141	360	1	1	1
1	1	2	1	1	6	4196	267	360	1	1	1
1	1	0	0	0	2	1516	95	360	1	1	1
1	1	3	1	0	3	2504	158	360	0	0	0
1	1	2	1	0	6	1526	168	360	1	1	1
1	1	1	1	0	10	10968	349	360	1	0	0
1	1	2	1	0	3	700	70	360	1	1	1
1	1	2	1	0	2	1840	109	360	1	1	1
1	1	2	1	0	3	8106	200	360	1	1	1
1	0	0	1	0	1	2840	114	360	1	2	0
1	1	2	1	0	1	1086	17	120	1	1	1
1	0	0	1	0	6	0	125	360	1	1	1
1	0	1	0	0	3	0	100	240	0	1	1
0	0	0	1	0	3	0	76	360	0	1	0
1	1	0	0	0	6	0	133	360	1	2	0
1	1	0	1	0	2	3500	115		1	1	1
1	1	0	0	0	9	0	104	360	0	1	0
1	1	1	1	0	6	5625	315	360	1	1	1
1	1	0	0	0	2	1911	116	360	0	0	0
0	1	2	0	0	3	1917	112	360	0	2	0
1	1	1	1	0	3	2925	151	360	0	0	0
1	1	0	1	1	9	0	191	360	1	0	1
1	1	0	1	0	2	2253	122	360	1	0	1
1	1	2	0	0	6	1040	110	360	1	1	1
1	0	0	0	0	1	0	35	360	1	1	0
0	0	2	1	0	3	2083	120	360	1	0	1
1	1	1	1	0	6	3369	201	360	0	1	0
1	0	0	1	0	3	0	74	360	1	1	0
1	0	1	1	1	6	0	106	360	1	2	0
1	1	0	1	0	3	1667	114	360	1	0	1
1	0	3	1	0	10	3000	320	360	1	2	0
1	1	0	1	0	2	2067		360	1	1	1
1	1	0	1	0	1	1330	100		0	1	0
0	1	0	1	0	3	1459	144	360	1	0	1
1	0	0	1	0	6	7210	184	360	1	1	1
1	0	0	0	0	3	1668	110	360	1	0	1
1	0	0	1	0	3	0	80	360	1	1	0
1	0	0	1	0	1	1213	47	360	1	1	1
1	1	0	1	0	2	0	75	360	0	1	1
1	1	0	1	0	3	2336	134	360	1	0	1
1	1	0	0	1	6	0	96		1	1	1
0	0	0	1	0	3	0	88		1	1	1
1	1	1	1	0	6	0	44	360	1	1	1
1	1	0	1	0	6	0	144	360	1	1	1
0	1	0	1	0	2	3440	120	360	0	1	0
0	0	0	1	0	6	2275	144	360	1	0	1
0	1	0	0	0	1	1644	100	360	1	0	1
0	0	0	1	0	3	0	120	360	1	0	1
0	0	0	1	0	6	0	112	360	1	0	0
1	1	2	1	0	6	0	134	360	1	1	0
0	1	1	1	1	10	0	286	360	0	1	0
1	1	2	1	0	2	1167	97	360	1	0	1
1	1	0	1	0	2	1591	96	360	1	0	1
1	1	0	1	0	3	2200	135	360	1	2	0
1	1	1	1	0	9	2250	180	360	1	1	1
1	1	2	0	0	3	2859	144	360	1	1	1
1	1	0	1	0	2	3796	120	360	1	1	1
1	1	3	1	0	3	0	99	360	1	1	1
1	1	0	0	1	2	3449	165	180	0	2	0
1	1	1	1	0	6	0		360	0	2	0
0	0	0	1	0	6	0	116	360	0	0	0
1	1	0	1	0	6	4595	258	360	1	0	0
1	0	0	0	0	3	2254	126	180	0	1	0
1	1	1	1	0	10	0	312	360	1	1	1
1	1	3	0	1	9	0	125	60	1	1	1
0	0	0	1	0	6	0	136	360	0	0	0
1	1	0	1	0	3	3066	172	360	1	1	1
1	1	2	0	1	1	1875	97	360	1	0	1
1	0	0	1	0	3	0	81	300	1	0	1
1	1	3	0	0	6	0	95		0	0	0
1	1	3	1	1	6	1774	187	360	1	0	1
1	0	0	1	0	3	0	113	480	1	1	0
1	0	0	1	0	3	4750	176	360	1	1	0
1	1	1	1	1	1	3022	110	360	1	1	0
1	1	3	1	0	3	4000	180	300	0	0	0
1	1	3	0	1	3	2166	130	360	0	0	1
0	0	0	1	0	3	0	111	360	1	0	1
1	1	1	1	1	2	0		360	1	0	1
0	1	2	1	0	1	1881	167	360	1	1	0
1	1	0	1	0	6	2250	265	360	0	0	0
1	1	1	1	0	3	0	50	240	1	1	1
1	0	0	1	0	2	2531	136	360	1	0	1
1	1	2	0	0	3	2000	99	360	0	0	1
1	1	0	1	0	2	2118	104	360	1	0	1
1	0	0	1	0	9	0	210	360	1	1	1
1	1	0	1	0	6	4167	175	360	1	0	1
1	1	0	1	0	2	2900	131	360	1	0	1
1	1	2	1	0	6	5654	188	180	1	0	1
1	1	2	0	0	3	1820	81	360	1	1	1
1	0	0	1	0	6	0	122	360	1	0	1
1	0	0	0	0	3	0	25	120	1	0	1
1	0	0	1	0	6	0		360	0	1	0
0	1	0	1	0	2	2302	137	360	1	0	1
1	1	0	1	0	1	997	50	360	1	0	1
1	1	0	0	0	6	0	115	180	1	0	1
1	1	0	1	0	1	3541	131	360	1	0	1
1	1	2	0	0	6	3263	133	180	1	1	1
1	0	0	1	0	6	3806	151	360	1	0	1
1	1	0	1	0	10	0		360	1	1	1
1	1	0	1	0	6	3583		360	1	0	1
1	0	0	1	0	3	754	160	360	1	1	1
1	1	1	1	0	3	1030	100	360	1	1	1
1	1	2	1	0	10	1126	225	360	1	1	1
1	0	0	0	0	9	0	120	360	1	2	0
1	1	2	1	0	3	3600	216	360	0	1	0
1	1	3	0	0	2	754	94	480	1	0	1
1	0	0	1	0	6	0	136	360	1	1	1
0	1	0	1	0	2	2333	139	360	1	0	1
1	1	0	0	0	3	4114	152		0	2	0
0	0	1	1	1	9	0		360	1	0	1
1	0	0	1	0	6	0	118	360	1	0	1
1	1	1	1	0	10	0	185	180	1	2	1
0	1	0	1	0	3	2283	154	360	1	0	1
1	1	1	1	0	2	1398	85	360	0	1	1
1	1	0	1	0	6	2142	175	360	1	2	0
0	0	0	1	0	10	0	259	360	1	1	1
1	1	0	1	0	6	2667	180	360	1	2	1
0	0	0	1	0	6	0	44	360	1	0	1
0	0	0	1	0	2	8980	137	360	0	0	1
1	1	2	1	0	2	0	81	360	1	0	1
1	1	0	0	0	6	2014	194	360	1	2	1
0	0	0	1	0	3	0	93	360	0	2	1
0	1	3	1	0	10	0	370	360	1	2	1
1	0	0	1	0	3	1640		360	1	2	1
1	1	1	1	1	10	3850	160	180	0	1	0
1	1	0	1	0	6	2569	182	360	0	2	0
1	0	0	1	1	10	0	650	480	0	1	1
1	0	0	1	0	2	1929	74	360	1	1	1
1	0	0	1	0	2	0	70	360	1	0	1
1	1	0	1	1	3	0	25	120	1	0	1
1	0	0	1	0	6	0	102	360	1	0	1
1	1	3	1	0	6	7750	290	360	1	0	0
0	1	0	1	0	6	0	84	360	1	2	0
1	1	2	1	1	3	3500	88	360	1	1	1
1	0	0	1	0	10	0	242	360	0	0	0
1	1	2	0	0	6	1430	129	360	1	2	0
1	1	2	1	0	6	2083	185	360	1	2	0
1	0	0	1	0	6	0	168	360	1	1	1
1	0	0	1	1	6	0	175	180	1	0	1
1	1	0	1	0	2	2034	122	360	1	0	1
1	1	2	1	0	10	0	187	180	1	1	1
0	1	0	1	0	2	4486	100	360	1	0	1
0	1	2	1	0	10	0	70	360	1	1	1
1	1	1	1	0	1	1425	30	360	1	1	1
0	0	0	1	0	10	1666	225	360	1	2	0
1	1	0	1	0	6	830	125	360	1	0	1
1	0	0	1	0	6	0	118	360	0	2	0
1	1	0	1	1	2	3750	152	360	1	2	1
1	0	0	1	0	9	0	244	360	1	1	0
1	1	2	0	0	2	0	113	360	1	2	0
1	0	0	1	0	3	0	50	360	1	1	1
1	1	3	1	0	10	0	600	180	0	0	1
1	1	1	1	0	6	0	160	360	0	2	1
1	1	1	1	0	9	0	187	360	1	1	1
1	0	0	1	0	2	2083	120	360	1	2	1
1	1	0	1	0	6	5625	255	360	1	0	1
1	1	0	0	0	1	1041	98	360	1	0	1
1	1	0	1	0	9	0	275	360	1	1	0
1	1	1	1	0	3	1280	121	360	0	0	0
1	1	2	1	0	6	1447	158	360	1	2	1
1	1	0	1	0	9	0	75	180	1	1	1
1	1	0	1	0	3	3166	182		1	2	1
0	1	0	1	0	6	0	112	360	1	2	0
1	1	0	1	0	2	3333	129	360	1	2	1
1	0	0	1	0	2	0	63	480	0	0	0
1	1	2	1	0	9	0	200	360	1	0	1
1	1	0	0	0	1	1769	95	360	1	2	1
0	1	3	1	0	10	0	700	300	1	1	1
1	1	3	0	0	3	0	81	180	1	2	0
1	1	0	1	0	6	5625	187	360	1	0	1
1	1	0	0	1	6	736	87	360	1	0	0
1	1	0	1	0	3	1964	116	360	1	2	1
1	1	2	1	0	2	1619	101	360	1	2	1
1	1	3	1	0	6	11300	495	360	0	0	0
1	1	1	1	0	3	0	116	360	1	0	1
1	0	0	0	0	2	1451	102	480	0	1	0
1	1	1	1	0	6	7250	180	360	0	1	0
1	0	0	1	0	1	5063	67	360	0	2	0
1	1	0	1	0	6	0	73	180	1	0	1
1	1	1	1	0	10	0	260	360	1	0	0
0	1	0	1	0	3	0	108	360	1	0	1
1	1	0	1	1	10	4750	120	360	1	0	1
1	1	1	1	1	2	0	66	300	0	2	0
1	1	0	1	0	2	2138	58	360	0	2	1
0	1	0	1	1	1	5296	168	360	1	2	1
1	1	0	1	0	9	0	188	180	1	2	1
1	0	0	0	0	6	0	48	360	1	2	1
1	0	0	1	0	10	0	164	360	1	0	0
1	1	0	0	0	6	0	160	360	1	1	0
1	0	0	1	0	3	0	76	360	1	0	1
1	0	0	1	0	6	0	120	360	1	2	1
1	1	1	1	0	3	2583	170	360	1	0	0
1	0	0	1	0	9	3750	187	360	1	2	1
0	0	0	0	0	1	2365	120		1	1	1
0	1	0	1	0	3	2816	113	360	0	0	1
1	0	0	1	1	10	0	83	360	1	1	0
1	1	1	0	0	2	2500	90	360	1	0	1
1	0	2	1	0	6	0	166	360	0	0	1
1	1	3	0	0	3	0		180	1	1	0
1	1	1	0	0	3	1083	135	360	1	1	1
1	1	2	0	0	3	0	124	360	1	0	1
0	0	0	0	0	6	0	120	360	1	0	1
0	0	0	1	0	3	0	80	360	1	1	1
1	0	0	0	0	3	2531	55	360	1	2	1
1	0	0	1	0	2	0	59	360	1	1	1
1	0	0	1	0	3	0	127	360	1	0	0
0	0	0	1	0	10	0	214	360	1	0	0
1	1	3	1	0	3	1250	128	360	0	0	0
1	1	1	1	1	9	0	240	360	1	1	1
1	1	3	0	1	6	0	130	360	1	2	1
1	1	0	1	0	3	3021	137	360	1	1	1
1	1	3	0	0	3	983	100	360	1	0	1
1	1	0	1	0	1	1800	135	360	1	2	0
1	1	0	1	0	3	1775	131	360	1	0	1
1	1	2	1	0	6	0	72	360	0	0	0
0	1	2	1	0	6	2383	127	360	0	0	1
1	1	0	1	0	2	0	60	360	0	1	0
1	1	2	1	0	6	1717	116	360	1	0	1
1	0	0	1	0	2	2791	144	360	1	0	1
1	1	0	1	0	9	1010	175		1	0	1
1	1	0	1	0	6	0	128	360	1	0	1
1	1	0	1	0	3	0	170	360	1	2	0
1	1	0	0	1	6	0	138	360	1	1	0
1	1	2	1	0	6	1695	210	360	1	0	1
1	0	0	1	0	6	0	158	480	1	0	1
1	0	0	1	1	6	0	200	360	1	2	1
1	1	1	1	0	2	2054	104	360	1	0	1
1	1	0	1	0	3	0	42	180	1	2	1
1	0	0	0	0	3	2598	120		1	2	1
0	0	0	1	0	9	0	280	360	1	0	1
1	1	1	1	0	3	1779	140	360	1	0	1
1	1	1	1	0	6	1260	170	360	1	2	1
1	1	0	1	0	6	0	255	360	0	1	0
0	0	0	1	1	3	0	122	360	0	1	1
0	0	1	1	0	3	0	112	360	1	2	1
1	1	1	1	0	3	0	96	360	1	0	1
1	1	2	1	0	6	5000	120	360	1	2	1
1	1	1	0	0	2	1983	140	180	1	1	0
1	0	0	1	0	2	5701	155	60	1	1	1
1	1	2	1	1	6	1300	108	360	1	2	1
1	1	0	0	0	3	4417	123	360	1	0	1
1	0	0	1	1	6	4333	120	180	1	1	0
1	1	2	1	0	9	0	112	360	1	1	1
1	1	1	0	0	6	0	137	180	1	1	1
1	1	1	1	0	2	1843	123	480	1	0	1
1	1	0	1	0	1	1868	90	360	1	1	1
1	1	0	0	0	1	3890	201	360	0	0	0
0	0	2	1	0	3	0	138	360	1	1	0
1	0	0	0	1	2	2167	104	360	1	2	1
1	1	1	0	0	2	7101	279	180	1	0	1
1	0	0	1	1	10	0	192	360	0	1	0
0	0	3	1	0	3	0	255	360	1	2	1
1	0	0	0	0	6	0	115	360	0	2	0
1	1	3	1	0	6	0	94	360	1	1	0
1	1	0	1	0	10	2100	304	360	1	2	0
1	1	3	0	0	6	0	128	360	0	0	0
1	1	1	1	0	6	4250	330	360	0	1	1
1	0	0	1	0	2	2209	134	360	1	0	1
0	0	1	1	0	3	0	155	36	1	0	0
0	0	0	1	0	9	0	120	360	1	2	1
1	0	0	1	1	6	0	128	360	1	0	1
1	0	0	1	0	6	3447	151	360	1	2	1
1	1	2	1	0	6	1387	150	360	1	0	1
1	1	3	1	0	6	1811	160	360	0	1	1
0	0	0	1	0	3	0	135	360	1	2	0
0	0	1	1	0	2	1560	90	360	1	1	1
0	0	0	1	0	3	0	30	360	1	1	1
1	1	0	1	0	10	0	136	360	1	1	1
1	0	0	1	0	2	1857	126	360	1	2	1
1	1	0	1	0	2	2223	150	360	1	0	1
1	1	2	1	0	3	0	90	360	1	0	1
1	1	1	1	0	2	1842	115	360	1	0	1
1	1	0	1	0	3	3274	207	360	1	0	1
1	1	0	1	0	3	1300	80	360	1	1	1
1	1	0	1	0	10	0	436	360	1	0	1
0	1	0	0	0	6	0	124	360	0	2	1
1	0	1	0	1	6	2426	158	360	0	1	0
1	1	0	1	0	3	800	112	360	1	0	1
1	1	2	1	0	2	985.7999878	78	180	1	1	1
0	0	0	1	0	1	1666	54	360	1	1	1
1	1	0	1	0	10	0		360	1	2	0
1	0	0	1	0	3	3053	89	360	1	2	1
0	0	0	1	1	2	1717	99	300	1	0	0
1	1	0	1	0	3	2000	120	360	1	2	1
0	0	0	1	0	6	0	115	360	1	0	1
1	0	0	1	0	9	0	187	360	1	2	1
1	1	0	1	0	3	2416	139	360	1	2	1
1	1	2	1	0	6	0	127	360	0	0	0
1	1	2	1	0	3	1560	134	360	1	1	1
0	0	0	1	0	6	0	143	480	0	1	0
1	1	0	1	0	2	3334	172	360	1	0	1
1	1	3	1	0	6	1250	110	360	1	1	1
1	1	1	1	0	6	0	200	360	1	0	1
0	1	1	1	0	6	0	135	360	1	1	1
0	0	0	1	0	6	2541	151	480	1	2	0
1	1	1	1	0	2	2925	113	360	1	1	0
1	1	0	0	0	1	2934	93	360	0	1	0
1	1	0	0	0	2	1750	105	360	1	0	1
0	0	0	1	0	6	0	132	360	1	2	1
1	1	1	1	0	1	1803	96	360	1	1	1
1	0	0	1	0	6	2500	140	360	1	2	1
1	0	0	0	0	2	0		360	1	1	0
0	0	0	1	0	3	1666	135	360	1	2	1
0	0	0	1	0	2	1863	104	360	0	1	0
1	0	0	1	0	10	0	480	360	1	2	0
1	1	2	0	0	9	0	185	360	0	2	1
0	0	0	1	0	2	0	84	360	1	0	1
1	0	0	0	0	2	2405	111	360	1	0	1
0	0	0	1	0	2	0	56	360	1	2	1
1	1	2	1	1	6	0	144	84	0	2	1
0	1	0	1	0	2	1843	159	360	1	2	0
1	1	1	0	0	3	1640	111	180	1	1	1
1	1	2	1	0	3	0	120	360	1	0	1
1	1	0	1	0	2	2134	88	360	0	1	1
0	0	1	1	0	3	0	112	360	0	0	1
1	1	1	1	1	10	0	155	360	1	2	0
1	1	0	1	0	2	2167	115	360	1	0	1
1	1	3	1	0	6	189	124	360	1	0	1
1	1	2	0	0	3	1590		360	1	2	1
0	0	0	1	0	3	2985	132	360	0	2	1
1	1	3	1	0	10	0	300	360	1	2	1
1	1	1	1	1	9	4983	376	360	0	2	0
1	0	0	1	0	6	0	130	360	0	2	1
1	1	0	1	1	6	2160	184	360	1	0	1
0	1	0	1	0	6	2451	110	360	1	1	0
0	0	0	1	0	2	0	67	360	1	1	1
1	0	1	1	0	6	1793	117	360	1	1	1
1	0	0	1	0	2	0	98	360	1	0	1
1	0	0	1	0	2	0	71	360	1	1	1
1	1	0	1	0	10	0	490	180	1	1	1
0	1	1	1	1	9	1833	182	180	1	1	1
1	1	0	1	1	6	4490	70		1	0	1
1	1	1	1	0	6	688	160	360	1	2	1
1	1	2	1	1	2	4600	176	360	1	2	1
0	0	3	0	0	1	0		360	0	1	0
0	0	0	1	0	6	0	71	360	1	0	1
1	1	3	0	0	2	1587	173	360	1	2	0
0	0	0	1	0	2	0	46	360	1	2	0
1	1	1	0	0	6	1229	158	360	1	1	1
1	1	3	0	0	3	0	74	360	1	0	1
1	1	2	1	0	2	2330	125	360	1	2	1
1	1	0	1	0	2	2458	160	360	1	0	1
1	1	0	0	0	3	3230	152	360	0	2	0
1	1	2	0	0	3	2168	126	360	1	1	1
1	1	0	1	0	6	4583	259	360	0	0	1
1	1	0	1	0	2	6250	187	360	1	2	1
1	1	0	1	0	9	0	228	360	1	0	1
1	0	0	1	0	9	4167	308	360	1	2	0
1	1	3	1	0	2	2083	95	360	1	2	1
0	1	0	1	1	6	0	105	360	0	2	0
0	1	0	1	0	2	505	130	360	1	0	1
0	0	0	1	0	3	0	116	180	1	1	1
1	1	2	1	0	9	3167	165	360	1	2	1
1	1	1	1	0	3	0	67	360	1	1	0
1	1	0	0	0	3	1666	100	480	0	1	0
1	1	3	1	0	6	3167	200	360	1	0	1
0	0	1	1	0	6	0	81	360	1	0	0
1	1	2	1	0	6	3667	236	360	1	0	1
1	1	0	1	0	6	2333	130	360	1	1	1
1	1	0	1	0	3	3033	95	300	0	1	1
1	0	0	1	1	6	0	141	360	1	2	1
1	0	0	0	0	6	0	133	360	1	2	0
1	0	0	1	0	2	0	96	480	1	0	0
1	0	0	1	0	6	0	124		0	2	0
1	1	1	1	0	6	0	175	360	1	0	1
1	1	0	1	0	10	5266	570	360	1	2	0
0	0	0	1	1	10	0	55	360	1	0	1
1	1	2	1	0	6	0	155	360	1	0	1
1	1	2	1	1	9	7873	380	300	1	2	1
1	0	1	1	0	3	1987	111	180	0	1	0
0	0	0	1	0	2	1459	110	360	1	1	1
1	1	0	1	0	6	923	120	180	1	1	1
1	1	3	1	0	9	4996	130	360	1	2	1
1	1	0	1	0	6	0	130	360	0	0	1
1	0	0	1	0	3	0	71	480	1	1	0
1	1	2	1	0	6	0	130	360	1	1	1
1	1	0	1	0	3	2500	128	360	1	0	1
1	0	0	1	0	6	4232	296	360	1	0	1
0	0	0	1	0	6	0	156	360	1	1	1
1	0	0	1	1	9	0	128	360	1	1	1
1	1	2	1	0	6	0	100	360	1	1	0
1	0	1	1	0	3	0	113	180	1	1	1
1	0	0	0	0	2	1600	132	360	1	0	1
1	1	0	0	0	3	3136		360	0	1	0
1	1	0	1	0	2	2417	136	360	1	1	1
1	1	0	1	0	6	0	125	360	1	2	1
1	0	3	1	0	9	0	185	360	1	2	1
1	1	3	1	0	9	0	275	360	1	2	1
1	1	0	1	0	2	2115	120	360	0	1	1
1	1	2	0	0	1	1625	113	180	1	0	1
1	1	2	1	0	3	1400	113	360	1	1	1
1	1	2	1	0	3	484	135	360	0	0	1
0	0	0	1	0	3	0	71	360	0	1	0
1	1	0	1	0	3	1459	95	360	1	1	1
1	0	0	0	0	3	1666	109	360	1	2	1
0	0	0	1	0	1	1800	103	360	0	0	0
1	1	2	0	0	2	0	45	180	0	1	0
1	0	0	0	0	2	0	65	300	1	2	0
1	0	0	1	0	2	20000	103	360	1	0	1
0	0	0	0	0	1	0	53	360	1	0	1
0	0	0	1	1	9	0	194	360	1	2	0
0	0	0	1	0	6	0	115	360	1	0	1
1	1	0	0	0	2	2400	115	360	1	1	1
0	0	0	0	0	2	0	66	360	1	2	1
1	1	1	1	0	9	0	152	300	0	0	0
1	1	3	1	0	10	0	360	360	0	2	0
0	0	1	0	1	3	0	62	360	1	0	0
1	1	0	1	0	6	0	160	360	0	1	1
1	1	0	0	0	6	0	218	360	0	2	0
1	1	0	0	0	2	2033	110	360	1	2	1
0	1	0	0	0	2	3237	178	360	0	0	0
0	0	0	1	0	2	0	60	360	1	1	1
0	0	1	1	0	2	0	160	360	1	1	0
1	1	2	1	1	1	20000	239	360	1	1	0
1	1	0	1	0	1	2773	112	360	1	2	1
1	1	0	1	0	3	1417	138	360	1	0	1
1	1	0	1	0	6	0	138	360	1	2	1
0	0	0	0	0	2	0	80		0	1	0
1	1	0	1	0	1	1719	100	360	1	1	1
1	1	1	1	0	9	1667	110		0	1	0
1	1	0	1	0	10	0	96	360	1	0	1
1	1	0	1	0	2	4300	121	360	1	2	1
0	0	1	0	0	6	0	81	360	1	2	0
1	1	2	1	0	6	0	133	360	1	0	1
1	1	0	1	0	2	16.12000084	87	360	1	2	1
1	0	0	0	0	2	0	60	180	1	1	1
0	0	1	1	1	9	0	150	360	1	0	1
1	0	0	1	0	6	0	105	360	0	2	0
1	0	0	1	0	10	0	405	360	1	0	1
1	1	0	1	0	2	2340	143	360	1	0	1
1	0	0	1	0	3	0	100	360	1	1	1
0	0	0	1	0	10	0		240	1	0	1
1	0	0	1	0	1	1851	50	360	1	0	1
1	1	0	1	0	2	1125		360	1	1	1
1	0	0	1	1	10	0	187	360	0	1	0
0	1	0	0	1	9	0	138	360	1	2	1
1	0	0	1	0	3	5064	187	360	1	0	1
1	1	0	1	0	9	1833	180	360	1	2	1
1	0	3	0	0	6	1993	148	360	1	0	1
1	0	1	1	0	10	0	152	360	1	0	1
1	1	0	1	0	9	8333	175	300	0	2	1
1	1	1	1	1	3	1210	130	360	1	2	1
1	1	2	0	0	6	0	110	360	1	2	1
1	1	0	1	0	3	1376	55	360	1	2	0
1	1	2	1	0	3	1710	150	360	0	2	0
1	0	1	0	1	2	1542	190	360	0	0	0
1	1	2	0	0	2	1255	125	360	0	2	0
1	1	2	0	0	1	1456	60	300	0	1	1
1	1	0	1	0	3	1733	149	360	0	2	0
1	1	0	1	0	2	2466	90	180	0	2	1
1	0	0	1	1	9	0	84	360	1	0	1
1	1	2	1	0	3	0	96	360	1	0	1
1	1	0	1	0	6	0	118	360	1	1	1
1	1	0	1	0	3	2569	173	360	1	1	0
1	0	2	1	0	6	0	136	360	1	2	1
1	1	0	1	0	9	0	160	360	1	0	0
0	1	0	1	1	2	4083	160	360	0	0	1
1	1	3	1	0	9	0	128	180	1	1	1
1	1	0	1	0	3	2188	153	360	1	2	1
0	0	1	0	0	6	0	132	360	1	0	1
1	0	0	1	0	6	0	98	360	0	0	0
1	0	0	1	0	6	0	140	360	1	2	1
1	1	3	0	0	2	1664	70	180	0	1	0
0	1	0	1	0	10	0	110	360	1	0	1
0	1	2	0	0	1	2917	98	360	1	0	1
1	1	0	1	0	6	2451	110	360	1	1	0
1	1	1	1	1	3	2079	162	360	1	0	1
1	1	1	0	0	2	1500	113	180	0	2	0
1	1	3	1	0	6	0	100	360	1	0	1
0	0	0	1	1	2	0	93	360	0	1	1
1	0	2	1	0	6	4648	162	360	1	2	1
1	1	2	1	1	10	1014	150	360	1	2	1
1	1	2	1	0	6	1750	230	300	1	0	1
0	1	2	1	0	2	1872	132	360	0	0	0
1	1	1	1	1	10	2250	86	360	1	0	1
1	1	2	1	0	2	1603		360	1	1	0
0	0	0	0	0	6	0	154	360	1	2	1
1	1	3	0	0	3	0	113	360	1	2	1
1	1	0	1	0	2	3150	128	360	1	0	1
1	1	0	1	0	10	0	234	360	1	0	1
1	1	2	1	0	9	0	246	360	1	0	1
1	1	1	0	0	1	2436	131	360	1	2	1
1	0	2	1	0	3	0	80	360	0	2	0
1	1	1	1	0	10	0	500	360	1	1	0
1	1	2	1	1	6	2083	160	360	1	0	1
1	0	0	1	0	2	0	75	360	1	1	0
1	0	0	0	0	2	2785	96	360	0	0	1
1	1	1	0	0	6	1131	186	360	0	1	1
1	0	0	0	0	3	0	110	360	1	2	1
0	0	0	0	1	10	0	225	360	1	0	1
1	1	0	1	0	3	2157	119	360	0	2	0
0	1	1	1	0	3	913	105	84	1	0	1
1	1	0	0	0	2	1700	107	360	1	2	1
1	1	0	1	0	6	2857	111	12	0	1	1
1	1	1	1	1	2	0	95	360	1	0	1
1	0	0	1	0	6	4416	209	360	0	2	0
0	0	0	1	0	1	3683	113	480	1	2	1
0	0	0	1	0	3	0	100	360	1	0	1
1	1	2	1	0	6	5624	208	360	1	0	1
1	1	1	0	0	6	5302	138	360	0	2	0
1	1	0	0	0	3	1483	124	300	1	0	1
1	1	2	1	0	3	4416	243	360	1	2	1
1	1	0	1	0	10	6667	480	360	0	1	1
0	0	0	1	0	3	0	96	360	1	1	0
1	1	0	1	1	2	3013	188	360	1	1	1
0	0	1	1	0	10	0	40	360	1	1	1
1	0	0	0	0	3	1287	100	360	1	2	0
1	1	1	1	0	6	2004	250	360	1	0	1
1	1	2	1	0	3	2035	148	360	1	1	1
1	1	0	1	0	2	6666	70	180	1	0	0
1	0	0	1	0	6	3666	311	360	1	2	0
1	1	3	1	0	3	3428	150	360	1	2	1
0	1	2	1	0	2	1632	113	480	1	0	1
1	1	0	0	0	3	1800	123	360	0	0	0
1	0	0	1	0	6	1915	185	360	1	0	0
0	0	0	0	0	3	0	95	360	1	2	0
1	1	2	0	0	2	1742	45	360	1	0	1
1	0	0	1	0	2	0	55	360	1	0	1
1	1	3	1	1	6	1424	100	360	1	2	1
1	1	2	1	1	9	7166	480	360	1	2	1
1	0	0	1	0	6	2087		360	1	0	0
1	1	2	1	1	10	0	400	360	1	2	1
1	1	0	1	0	3	0	110	360	1	0	1
1	1	1	0	0	6	1430	161	360	0	0	1
1	0	1	0	0	2	1302	94	360	1	0	1
1	0	0	0	0	6	0	130	360	1	0	1
1	1	0	1	0	1	5500	216	360	0	2	1
1	1	3	1	0	6	0	100	360	1	1	1
1	0	2	1	0	3	0	110	360	0	2	0
1	0	1	1	0	10	0	196	360	0	0	0
0	0	0	0	1	10	0	125	360	1	1	1
1	0	0	0	0	2	2042	126	360	1	2	1
1	1	0	1	0	6	3906	324	360	1	1	1
1	0	2	1	0	3	0	107	360	1	0	1
1	1	0	0	0	2	536	66	360	1	2	0
1	1	3	1	0	6	0	157	180	1	2	1
0	1	1	1	0	6	2845	140	180	1	0	1
0	0	0	1	0	2	0	99	360	0	0	0
0	0	1	1	0	3	0	95	360	1	0	1
1	1	1	0	0	2	2524	128	360	1	1	1
0	1	0	0	0	3	663	102	360	0	0	1
1	1	0	1	0	2	1950	155	360	1	2	1
1	0	0	0	0	3	0	80	36	1	0	0
1	0	0	1	0	2	1783	145	360	1	2	1
0	0	0	1	0	6	0	103	360	0	0	0
1	1	0	1	0	2	2016	110	360	1	2	1
1	1	2	1	1	6	0		360	0	2	0
1	1	1	0	0	2	2375		360	1	2	1
1	1	1	1	0	3	3250	158	360	1	1	1
1	1	0	0	0	2	2333	181	360	0	1	0
1	1	0	1	0	3	4266	132	180	0	2	0
1	1	1	1	0	6	1032	26	360	1	0	1
0	0	0	1	0	2	1625	84	360	0	1	1
1	1	3	1	1	10	0	260	360	1	0	1
1	1	0	1	0	3	2669	162	360	1	0	1
0	1	0	1	0	6	2306	182	360	1	0	1
1	1	2	0	0	3	242	108	360	1	0	1
0	1	1	1	1	10	0	600	360	1	0	1
1	1	0	1	0	6	2054	211	360	1	2	1
1	0	0	0	1	6	0	132	360	1	0	1
1	1	2	1	0	9	0	258	360	0	1	0
1	1	0	0	0	6	0	120	360	0	2	1
1	0	0	1	0	3	0	70	360	1	1	1
1	1	3	1	0	3	2500	123	360	0	2	0
0	0	0	1	0	2	0	9	360	1	1	0
1	1	0	1	0	3	2064	104	360	0	1	0
1	1	1	1	0	3	1750	186	360	1	1	1
1	1	0	1	0	6	1451	165	360	0	1	0
1	1	2	1	0	10	0	275	360	1	1	1
1	1	2	0	0	6	1625	187	480	1	0	0
1	1	3	1	0	6	0	150	360	1	0	0
1	1	2	1	0	3	461	108	84	1	1	1
0	1	0	1	0	3	2210	136	360	0	0	0
1	0	0	1	0	3	2739	110	360	1	1	1
1	1	1	1	0	1	2232	107	360	1	2	1
1	0	0	1	0	3	2917	161	360	1	1	1
1	1	2	1	0	6	0	205	360	1	0	1
1	0	0	1	0	1	33837	90	360	1	1	0
0	1	0	1	0	3	0	36	360	1	0	1
1	1	1	1	0	1	0	61	360	0	2	0
1	1	1	1	0	2	1917	146	360	0	2	0
1	1	1	1	0	6	3000	172	84	1	2	0
1	1	0	1	0	2	1522	104	360	1	1	1
0	0	0	0	0	2	0	70	360	1	0	1
0	0	0	1	0	6	0	94	360	1	0	1
1	1	2	1	1	2	0	106	360	0	0	0
1	1	0	1	0	3	3416	56	180	1	0	1
1	1	2	1	1	6	0	205	240	1	0	0
0	0	3	1	1	9	0	292	360	1	0	1
1	1	0	1	0	3	3300	142	180	1	2	1
1	1	0	1	1	10	0	260	360	1	1	1
1	0	0	0	0	3	0	110	360	1	2	1
1	1	2	0	1	6	1000	187	360	1	2	0
1	0	0	1	0	2	0	88	360	0	0	0
1	1	0	1	1	9	0	180	360	1	2	1
1	1	2	1	0	6	0	192	360	1	1	1
0	0	3	1	0	1	41667	350	180	0	1	0
1	1	0	0	0	2	2792	155	360	1	2	1
1	1	3	1	0	6	0	128	360	1	1	1
1	0	0	1	0	3	4301	172	360	1	2	1
0	1	1	1	0	10	0	496	360	1	0	1
1	1	0	0	0	2	3800		180	1	1	0
1	1	1	1	0	3	2500	173	360	1	0	1
1	1	2	0	0	3	1411	157	360	1	2	1
1	1	0	1	0	3	1950	108	360	1	2	1
0	0	0	1	0	2	0	71	360	1	2	1
1	1	3	1	0	6	0	40	180	1	2	1
1	1	1	1	0	9	240	253	360	1	1	1
1	1	2	1	0	9	0	187	360	1	1	1
0	0	0	1	1	6	0	133	360	0	0	0
