Gender	Married	Dependents	Education	Self_Employed	ApplicantIncome	CoapplicantIncome	LoanAmount	Loan_Amount_Term	Credit_History	Property_Area	Loan_Status
1	0	0	1	0	6	1		360	1	1	1
1	1	1	1	0	6	3	128	360	1	2	0
1	1	0	1	1	3	1	66	360	1	1	1
1	1	0	0	0	2	3	120	360	1	1	1
1	0	0	1	0	6	1	141	360	1	1	1
1	1	2	1	1	6	4	267	360	1	1	1
1	1	0	0	0	2	3	95	360	1	1	1
1	1	3	1	0	3	3	158	360	0	0	0
1	1	2	1	0	6	3	168	360	1	1	1
1	1	1	1	0	10	6	349	360	1	0	0
1	1	2	1	0	3	2	70	360	1	1	1
1	1	2	1	0	2	3	109	360	1	1	1
1	1	2	1	0	3	5	200	360	1	1	1
1	0	0	1	0	1	3	114	360	1	2	0
1	1	2	1	0	1	3	17	120	1	1	1
1	0	0	1	0	6	1	125	360	1	1	1
1	0	1	0	0	3	1	100	240	0	1	1
0	0	0	1	0	3	1	76	360	0	1	0
1	1	0	0	0	6	1	133	360	1	2	0
1	1	0	1	0	2	4	115		1	1	1
1	1	0	0	0	9	1	104	360	0	1	0
1	1	1	1	0	6	5	315	360	1	1	1
1	1	0	0	0	2	3	116	360	0	0	0
0	1	2	0	0	3	3	112	360	0	2	0
1	1	1	1	0	3	3	151	360	0	0	0
1	1	0	1	1	9	1	191	360	1	0	1
1	1	0	1	0	2	3	122	360	1	0	1
1	1	2	0	0	6	3	110	360	1	1	1
1	0	0	0	0	1	1	35	360	1	1	0
0	0	2	1	0	3	3	120	360	1	0	1
1	1	1	1	0	6	4	201	360	0	1	0
1	0	0	1	0	3	1	74	360	1	1	0
1	0	1	1	1	6	1	106	360	1	2	0
1	1	0	1	0	3	3	114	360	1	0	1
1	0	3	1	0	10	4	320	360	1	2	0
1	1	0	1	0	2	3		360	1	1	1
1	1	0	1	0	1	3	100		0	1	0
0	1	0	1	0	3	3	144	360	1	0	1
1	0	0	1	0	6	5	184	360	1	1	1
1	0	0	0	0	3	3	110	360	1	0	1
1	0	0	1	0	3	1	80	360	1	1	0
1	0	0	1	0	1	3	47	360	1	1	1
1	1	0	1	0	2	1	75	360	0	1	1
1	1	0	1	0	3	3	134	360	1	0	1
1	1	0	0	1	6	1	96		1	1	1
0	0	0	1	0	3	1	88		1	1	1
1	1	1	1	0	6	1	44	360	1	1	1
1	1	0	1	0	6	1	144	360	1	1	1
0	1	0	1	0	2	4	120	360	0	1	0
0	0	0	1	0	6	3	144	360	1	0	1
0	1	0	0	0	1	3	100	360	1	0	1
0	0	0	1	0	3	1	120	360	1	0	1
0	0	0	1	0	6	1	112	360	1	0	0
1	1	2	1	0	6	1	134	360	1	1	0
0	1	1	1	1	10	1	286	360	0	1	0
1	1	2	1	0	2	3	97	360	1	0	1
1	1	0	1	0	2	3	96	360	1	0	1
1	1	0	1	0	3	3	135	360	1	2	0
1	1	1	1	0	9	3	180	360	1	1	1
1	1	2	0	0	3	3	144	360	1	1	1
1	1	0	1	0	2	4	120	360	1	1	1
1	1	3	1	0	3	1	99	360	1	1	1
1	1	0	0	1	2	4	165	180	0	2	0
1	1	1	1	0	6	1		360	0	2	0
0	0	0	1	0	6	1	116	360	0	0	0
1	1	0	1	0	6	4	258	360	1	0	0
1	0	0	0	0	3	3	126	180	0	1	0
1	1	1	1	0	10	1	312	360	1	1	1
1	1	3	0	1	9	1	125	60	1	1	1
0	0	0	1	0	6	1	136	360	0	0	0
1	1	0	1	0	3	4	172	360	1	1	1
1	1	2	0	1	1	3	97	360	1	0	1
1	0	0	1	0	3	1	81	300	1	0	1
1	1	3	0	0	6	1	95		0	0	0
1	1	3	1	1	6	3	187	360	1	0	1
1	0	0	1	0	3	1	113	480	1	1	0
1	0	0	1	0	3	4	176	360	1	1	0
1	1	1	1	1	1	4	110	360	1	1	0
1	1	3	1	0	3	4	180	300	0	0	0
1	1	3	0	1	3	3	130	360	0	0	1
0	0	0	1	0	3	1	111	360	1	0	1
1	1	1	1	1	2	1		360	1	0	1
0	1	2	1	0	1	3	167	360	1	1	0
1	1	0	1	0	6	3	265	360	0	0	0
1	1	1	1	0	3	1	50	240	1	1	1
1	0	0	1	0	2	3	136	360	1	0	1
1	1	2	0	0	3	3	99	360	0	0	1
1	1	0	1	0	2	3	104	360	1	0	1
1	0	0	1	0	9	1	210	360	1	1	1
1	1	0	1	0	6	4	175	360	1	0	1
1	1	0	1	0	2	3	131	360	1	0	1
1	1	2	1	0	6	5	188	180	1	0	1
1	1	2	0	0	3	3	81	360	1	1	1
1	0	0	1	0	6	1	122	360	1	0	1
1	0	0	0	0	3	1	25	120	1	0	1
1	0	0	1	0	6	1		360	0	1	0
0	1	0	1	0	2	3	137	360	1	0	1
1	1	0	1	0	1	2	50	360	1	0	1
1	1	0	0	0	6	1	115	180	1	0	1
1	1	0	1	0	1	4	131	360	1	0	1
1	1	2	0	0	6	4	133	180	1	1	1
1	0	0	1	0	6	4	151	360	1	0	1
1	1	0	1	0	10	1		360	1	1	1
1	1	0	1	0	6	4		360	1	0	1
1	0	0	1	0	3	2	160	360	1	1	1
1	1	1	1	0	3	3	100	360	1	1	1
1	1	2	1	0	10	3	225	360	1	1	1
1	0	0	0	0	9	1	120	360	1	2	0
1	1	2	1	0	3	4	216	360	0	1	0
1	1	3	0	0	2	2	94	480	1	0	1
1	0	0	1	0	6	1	136	360	1	1	1
0	1	0	1	0	2	3	139	360	1	0	1
1	1	0	0	0	3	4	152		0	2	0
0	0	1	1	1	9	1		360	1	0	1
1	0	0	1	0	6	1	118	360	1	0	1
1	1	1	1	0	10	1	185	180	1	2	1
0	1	0	1	0	3	3	154	360	1	0	1
1	1	1	1	0	2	3	85	360	0	1	1
1	1	0	1	0	6	3	175	360	1	2	0
0	0	0	1	0	10	1	259	360	1	1	1
1	1	0	1	0	6	3	180	360	1	2	1
0	0	0	1	0	6	1	44	360	1	0	1
0	0	0	1	0	2	5	137	360	0	0	1
1	1	2	1	0	2	1	81	360	1	0	1
1	1	0	0	0	6	3	194	360	1	2	1
0	0	0	1	0	3	1	93	360	0	2	1
0	1	3	1	0	10	1	370	360	1	2	1
1	0	0	1	0	3	3		360	1	2	1
1	1	1	1	1	10	4	160	180	0	1	0
1	1	0	1	0	6	3	182	360	0	2	0
1	0	0	1	1	10	1	650	480	0	1	1
1	0	0	1	0	2	3	74	360	1	1	1
1	0	0	1	0	2	1	70	360	1	0	1
1	1	0	1	1	3	1	25	120	1	0	1
1	0	0	1	0	6	1	102	360	1	0	1
1	1	3	1	0	6	5	290	360	1	0	0
0	1	0	1	0	6	1	84	360	1	2	0
1	1	2	1	1	3	4	88	360	1	1	1
1	0	0	1	0	10	1	242	360	0	0	0
1	1	2	0	0	6	3	129	360	1	2	0
1	1	2	1	0	6	3	185	360	1	2	0
1	0	0	1	0	6	1	168	360	1	1	1
1	0	0	1	1	6	1	175	180	1	0	1
1	1	0	1	0	2	3	122	360	1	0	1
1	1	2	1	0	10	1	187	180	1	1	1
0	1	0	1	0	2	4	100	360	1	0	1
0	1	2	1	0	10	1	70	360	1	1	1
1	1	1	1	0	1	3	30	360	1	1	1
0	0	0	1	0	10	3	225	360	1	2	0
1	1	0	1	0	6	2	125	360	1	0	1
1	0	0	1	0	6	1	118	360	0	2	0
1	1	0	1	1	2	4	152	360	1	2	1
1	0	0	1	0	9	1	244	360	1	1	0
1	1	2	0	0	2	1	113	360	1	2	0
1	0	0	1	0	3	1	50	360	1	1	1
1	1	3	1	0	10	1	600	180	0	0	1
1	1	1	1	0	6	1	160	360	0	2	1
1	1	1	1	0	9	1	187	360	1	1	1
1	0	0	1	0	2	3	120	360	1	2	1
1	1	0	1	0	6	5	255	360	1	0	1
1	1	0	0	0	1	3	98	360	1	0	1
1	1	0	1	0	9	1	275	360	1	1	0
1	1	1	1	0	3	3	121	360	0	0	0
1	1	2	1	0	6	3	158	360	1	2	1
1	1	0	1	0	9	1	75	180	1	1	1
1	1	0	1	0	3	4	182		1	2	1
0	1	0	1	0	6	1	112	360	1	2	0
1	1	0	1	0	2	4	129	360	1	2	1
1	0	0	1	0	2	1	63	480	0	0	0
1	1	2	1	0	9	1	200	360	1	0	1
1	1	0	0	0	1	3	95	360	1	2	1
0	1	3	1	0	10	1	700	300	1	1	1
1	1	3	0	0	3	1	81	180	1	2	0
1	1	0	1	0	6	5	187	360	1	0	1
1	1	0	0	1	6	2	87	360	1	0	0
1	1	0	1	0	3	3	116	360	1	2	1
1	1	2	1	0	2	3	101	360	1	2	1
1	1	3	1	0	6	6	495	360	0	0	0
1	1	1	1	0	3	1	116	360	1	0	1
1	0	0	0	0	2	3	102	480	0	1	0
1	1	1	1	0	6	5	180	360	0	1	0
1	0	0	1	0	1	5	67	360	0	2	0
1	1	0	1	0	6	1	73	180	1	0	1
1	1	1	1	0	10	1	260	360	1	0	0
0	1	0	1	0	3	1	108	360	1	0	1
1	1	0	1	1	10	4	120	360	1	0	1
1	1	1	1	1	2	1	66	300	0	2	0
1	1	0	1	0	2	3	58	360	0	2	1
0	1	0	1	1	1	5	168	360	1	2	1
1	1	0	1	0	9	1	188	180	1	2	1
1	0	0	0	0	6	1	48	360	1	2	1
1	0	0	1	0	10	1	164	360	1	0	0
1	1	0	0	0	6	1	160	360	1	1	0
1	0	0	1	0	3	1	76	360	1	0	1
1	0	0	1	0	6	1	120	360	1	2	1
1	1	1	1	0	3	3	170	360	1	0	0
1	0	0	1	0	9	4	187	360	1	2	1
0	0	0	0	0	1	3	120		1	1	1
0	1	0	1	0	3	3	113	360	0	0	1
1	0	0	1	1	10	1	83	360	1	1	0
1	1	1	0	0	2	3	90	360	1	0	1
1	0	2	1	0	6	1	166	360	0	0	1
1	1	3	0	0	3	1		180	1	1	0
1	1	1	0	0	3	3	135	360	1	1	1
1	1	2	0	0	3	1	124	360	1	0	1
0	0	0	0	0	6	1	120	360	1	0	1
0	0	0	1	0	3	1	80	360	1	1	1
1	0	0	0	0	3	3	55	360	1	2	1
1	0	0	1	0	2	1	59	360	1	1	1
1	0	0	1	0	3	1	127	360	1	0	0
0	0	0	1	0	10	1	214	360	1	0	0
1	1	3	1	0	3	3	128	360	0	0	0
1	1	1	1	1	9	1	240	360	1	1	1
1	1	3	0	1	6	1	130	360	1	2	1
1	1	0	1	0	3	4	137	360	1	1	1
1	1	3	0	0	3	2	100	360	1	0	1
1	1	0	1	0	1	3	135	360	1	2	0
1	1	0	1	0	3	3	131	360	1	0	1
1	1	2	1	0	6	1	72	360	0	0	0
0	1	2	1	0	6	3	127	360	0	0	1
1	1	0	1	0	2	1	60	360	0	1	0
1	1	2	1	0	6	3	116	360	1	0	1
1	0	0	1	0	2	3	144	360	1	0	1
1	1	0	1	0	9	3	175		1	0	1
1	1	0	1	0	6	1	128	360	1	0	1
1	1	0	1	0	3	1	170	360	1	2	0
1	1	0	0	1	6	1	138	360	1	1	0
1	1	2	1	0	6	3	210	360	1	0	1
1	0	0	1	0	6	1	158	480	1	0	1
1	0	0	1	1	6	1	200	360	1	2	1
1	1	1	1	0	2	3	104	360	1	0	1
1	1	0	1	0	3	1	42	180	1	2	1
1	0	0	0	0	3	3	120		1	2	1
0	0	0	1	0	9	1	280	360	1	0	1
1	1	1	1	0	3	3	140	360	1	0	1
1	1	1	1	0	6	3	170	360	1	2	1
1	1	0	1	0	6	1	255	360	0	1	0
0	0	0	1	1	3	1	122	360	0	1	1
0	0	1	1	0	3	1	112	360	1	2	1
1	1	1	1	0	3	1	96	360	1	0	1
1	1	2	1	0	6	5	120	360	1	2	1
1	1	1	0	0	2	3	140	180	1	1	0
1	0	0	1	0	2	5	155	60	1	1	1
1	1	2	1	1	6	3	108	360	1	2	1
1	1	0	0	0	3	4	123	360	1	0	1
1	0	0	1	1	6	4	120	180	1	1	0
1	1	2	1	0	9	1	112	360	1	1	1
1	1	1	0	0	6	1	137	180	1	1	1
1	1	1	1	0	2	3	123	480	1	0	1
1	1	0	1	0	1	3	90	360	1	1	1
1	1	0	0	0	1	4	201	360	0	0	0
0	0	2	1	0	3	1	138	360	1	1	0
1	0	0	0	1	2	3	104	360	1	2	1
1	1	1	0	0	2	5	279	180	1	0	1
1	0	0	1	1	10	1	192	360	0	1	0
0	0	3	1	0	3	1	255	360	1	2	1
1	0	0	0	0	6	1	115	360	0	2	0
1	1	3	1	0	6	1	94	360	1	1	0
1	1	0	1	0	10	3	304	360	1	2	0
1	1	3	0	0	6	1	128	360	0	0	0
1	1	1	1	0	6	4	330	360	0	1	1
1	0	0	1	0	2	3	134	360	1	0	1
0	0	1	1	0	3	1	155	36	1	0	0
0	0	0	1	0	9	1	120	360	1	2	1
1	0	0	1	1	6	1	128	360	1	0	1
1	0	0	1	0	6	4	151	360	1	2	1
1	1	2	1	0	6	3	150	360	1	0	1
1	1	3	1	0	6	3	160	360	0	1	1
0	0	0	1	0	3	1	135	360	1	2	0
0	0	1	1	0	2	3	90	360	1	1	1
0	0	0	1	0	3	1	30	360	1	1	1
1	1	0	1	0	10	1	136	360	1	1	1
1	0	0	1	0	2	3	126	360	1	2	1
1	1	0	1	0	2	3	150	360	1	0	1
1	1	2	1	0	3	1	90	360	1	0	1
1	1	1	1	0	2	3	115	360	1	0	1
1	1	0	1	0	3	4	207	360	1	0	1
1	1	0	1	0	3	3	80	360	1	1	1
1	1	0	1	0	10	1	436	360	1	0	1
0	1	0	0	0	6	1	124	360	0	2	1
1	0	1	0	1	6	3	158	360	0	1	0
1	1	0	1	0	3	2	112	360	1	0	1
1	1	2	1	0	2	2	78	180	1	1	1
0	0	0	1	0	1	3	54	360	1	1	1
1	1	0	1	0	10	1		360	1	2	0
1	0	0	1	0	3	4	89	360	1	2	1
0	0	0	1	1	2	3	99	300	1	0	0
1	1	0	1	0	3	3	120	360	1	2	1
0	0	0	1	0	6	1	115	360	1	0	1
1	0	0	1	0	9	1	187	360	1	2	1
1	1	0	1	0	3	3	139	360	1	2	1
1	1	2	1	0	6	1	127	360	0	0	0
1	1	2	1	0	3	3	134	360	1	1	1
0	0	0	1	0	6	1	143	480	0	1	0
1	1	0	1	0	2	4	172	360	1	0	1
1	1	3	1	0	6	3	110	360	1	1	1
1	1	1	1	0	6	1	200	360	1	0	1
0	1	1	1	0	6	1	135	360	1	1	1
0	0	0	1	0	6	3	151	480	1	2	0
1	1	1	1	0	2	3	113	360	1	1	0
1	1	0	0	0	1	3	93	360	0	1	0
1	1	0	0	0	2	3	105	360	1	0	1
0	0	0	1	0	6	1	132	360	1	2	1
1	1	1	1	0	1	3	96	360	1	1	1
1	0	0	1	0	6	3	140	360	1	2	1
1	0	0	0	0	2	1		360	1	1	0
0	0	0	1	0	3	3	135	360	1	2	1
0	0	0	1	0	2	3	104	360	0	1	0
1	0	0	1	0	10	1	480	360	1	2	0
1	1	2	0	0	9	1	185	360	0	2	1
0	0	0	1	0	2	1	84	360	1	0	1
1	0	0	0	0	2	3	111	360	1	0	1
0	0	0	1	0	2	1	56	360	1	2	1
1	1	2	1	1	6	1	144	84	0	2	1
0	1	0	1	0	2	3	159	360	1	2	0
1	1	1	0	0	3	3	111	180	1	1	1
1	1	2	1	0	3	1	120	360	1	0	1
1	1	0	1	0	2	3	88	360	0	1	1
0	0	1	1	0	3	1	112	360	0	0	1
1	1	1	1	1	10	1	155	360	1	2	0
1	1	0	1	0	2	3	115	360	1	0	1
1	1	3	1	0	6	2	124	360	1	0	1
1	1	2	0	0	3	3		360	1	2	1
0	0	0	1	0	3	3	132	360	0	2	1
1	1	3	1	0	10	1	300	360	1	2	1
1	1	1	1	1	9	4	376	360	0	2	0
1	0	0	1	0	6	1	130	360	0	2	1
1	1	0	1	1	6	3	184	360	1	0	1
0	1	0	1	0	6	3	110	360	1	1	0
0	0	0	1	0	2	1	67	360	1	1	1
1	0	1	1	0	6	3	117	360	1	1	1
1	0	0	1	0	2	1	98	360	1	0	1
1	0	0	1	0	2	1	71	360	1	1	1
1	1	0	1	0	10	1	490	180	1	1	1
0	1	1	1	1	9	3	182	180	1	1	1
1	1	0	1	1	6	4	70		1	0	1
1	1	1	1	0	6	2	160	360	1	2	1
1	1	2	1	1	2	4	176	360	1	2	1
0	0	3	0	0	1	1		360	0	1	0
0	0	0	1	0	6	1	71	360	1	0	1
1	1	3	0	0	2	3	173	360	1	2	0
0	0	0	1	0	2	1	46	360	1	2	0
1	1	1	0	0	6	3	158	360	1	1	1
1	1	3	0	0	3	1	74	360	1	0	1
1	1	2	1	0	2	3	125	360	1	2	1
1	1	0	1	0	2	3	160	360	1	0	1
1	1	0	0	0	3	4	152	360	0	2	0
1	1	2	0	0	3	3	126	360	1	1	1
1	1	0	1	0	6	4	259	360	0	0	1
1	1	0	1	0	2	5	187	360	1	2	1
1	1	0	1	0	9	1	228	360	1	0	1
1	0	0	1	0	9	4	308	360	1	2	0
1	1	3	1	0	2	3	95	360	1	2	1
0	1	0	1	1	6	1	105	360	0	2	0
0	1	0	1	0	2	2	130	360	1	0	1
0	0	0	1	0	3	1	116	180	1	1	1
1	1	2	1	0	9	4	165	360	1	2	1
1	1	1	1	0	3	1	67	360	1	1	0
1	1	0	0	0	3	3	100	480	0	1	0
1	1	3	1	0	6	4	200	360	1	0	1
0	0	1	1	0	6	1	81	360	1	0	0
1	1	2	1	0	6	4	236	360	1	0	1
1	1	0	1	0	6	3	130	360	1	1	1
1	1	0	1	0	3	4	95	300	0	1	1
1	0	0	1	1	6	1	141	360	1	2	1
1	0	0	0	0	6	1	133	360	1	2	0
1	0	0	1	0	2	1	96	480	1	0	0
1	0	0	1	0	6	1	124		0	2	0
1	1	1	1	0	6	1	175	360	1	0	1
1	1	0	1	0	10	5	570	360	1	2	0
0	0	0	1	1	10	1	55	360	1	0	1
1	1	2	1	0	6	1	155	360	1	0	1
1	1	2	1	1	9	5	380	300	1	2	1
1	0	1	1	0	3	3	111	180	0	1	0
0	0	0	1	0	2	3	110	360	1	1	1
1	1	0	1	0	6	2	120	180	1	1	1
1	1	3	1	0	9	4	130	360	1	2	1
1	1	0	1	0	6	1	130	360	0	0	1
1	0	0	1	0	3	1	71	480	1	1	0
1	1	2	1	0	6	1	130	360	1	1	1
1	1	0	1	0	3	3	128	360	1	0	1
1	0	0	1	0	6	4	296	360	1	0	1
0	0	0	1	0	6	1	156	360	1	1	1
1	0	0	1	1	9	1	128	360	1	1	1
1	1	2	1	0	6	1	100	360	1	1	0
1	0	1	1	0	3	1	113	180	1	1	1
1	0	0	0	0	2	3	132	360	1	0	1
1	1	0	0	0	3	4		360	0	1	0
1	1	0	1	0	2	3	136	360	1	1	1
1	1	0	1	0	6	1	125	360	1	2	1
1	0	3	1	0	9	1	185	360	1	2	1
1	1	3	1	0	9	1	275	360	1	2	1
1	1	0	1	0	2	3	120	360	0	1	1
1	1	2	0	0	1	3	113	180	1	0	1
1	1	2	1	0	3	3	113	360	1	1	1
1	1	2	1	0	3	2	135	360	0	0	1
0	0	0	1	0	3	1	71	360	0	1	0
1	1	0	1	0	3	3	95	360	1	1	1
1	0	0	0	0	3	3	109	360	1	2	1
0	0	0	1	0	1	3	103	360	0	0	0
1	1	2	0	0	2	1	45	180	0	1	0
1	0	0	0	0	2	1	65	300	1	2	0
1	0	0	1	0	2	6	103	360	1	0	1
0	0	0	0	0	1	1	53	360	1	0	1
0	0	0	1	1	9	1	194	360	1	2	0
0	0	0	1	0	6	1	115	360	1	0	1
1	1	0	0	0	2	3	115	360	1	1	1
0	0	0	0	0	2	1	66	360	1	2	1
1	1	1	1	0	9	1	152	300	0	0	0
1	1	3	1	0	10	1	360	360	0	2	0
0	0	1	0	1	3	1	62	360	1	0	0
1	1	0	1	0	6	1	160	360	0	1	1
1	1	0	0	0	6	1	218	360	0	2	0
1	1	0	0	0	2	3	110	360	1	2	1
0	1	0	0	0	2	4	178	360	0	0	0
0	0	0	1	0	2	1	60	360	1	1	1
0	0	1	1	0	2	1	160	360	1	1	0
1	1	2	1	1	1	6	239	360	1	1	0
1	1	0	1	0	1	3	112	360	1	2	1
1	1	0	1	0	3	3	138	360	1	0	1
1	1	0	1	0	6	1	138	360	1	2	1
0	0	0	0	0	2	1	80		0	1	0
1	1	0	1	0	1	3	100	360	1	1	1
1	1	1	1	0	9	3	110		0	1	0
1	1	0	1	0	10	1	96	360	1	0	1
1	1	0	1	0	2	4	121	360	1	2	1
0	0	1	0	0	6	1	81	360	1	2	0
1	1	2	1	0	6	1	133	360	1	0	1
1	1	0	1	0	2	2	87	360	1	2	1
1	0	0	0	0	2	1	60	180	1	1	1
0	0	1	1	1	9	1	150	360	1	0	1
1	0	0	1	0	6	1	105	360	0	2	0
1	0	0	1	0	10	1	405	360	1	0	1
1	1	0	1	0	2	3	143	360	1	0	1
1	0	0	1	0	3	1	100	360	1	1	1
0	0	0	1	0	10	1		240	1	0	1
1	0	0	1	0	1	3	50	360	1	0	1
1	1	0	1	0	2	3		360	1	1	1
1	0	0	1	1	10	1	187	360	0	1	0
0	1	0	0	1	9	1	138	360	1	2	1
1	0	0	1	0	3	5	187	360	1	0	1
1	1	0	1	0	9	3	180	360	1	2	1
1	0	3	0	0	6	3	148	360	1	0	1
1	0	1	1	0	10	1	152	360	1	0	1
1	1	0	1	0	9	5	175	300	0	2	1
1	1	1	1	1	3	3	130	360	1	2	1
1	1	2	0	0	6	1	110	360	1	2	1
1	1	0	1	0	3	3	55	360	1	2	0
1	1	2	1	0	3	3	150	360	0	2	0
1	0	1	0	1	2	3	190	360	0	0	0
1	1	2	0	0	2	3	125	360	0	2	0
1	1	2	0	0	1	3	60	300	0	1	1
1	1	0	1	0	3	3	149	360	0	2	0
1	1	0	1	0	2	3	90	180	0	2	1
1	0	0	1	1	9	1	84	360	1	0	1
1	1	2	1	0	3	1	96	360	1	0	1
1	1	0	1	0	6	1	118	360	1	1	1
1	1	0	1	0	3	3	173	360	1	1	0
1	0	2	1	0	6	1	136	360	1	2	1
1	1	0	1	0	9	1	160	360	1	0	0
0	1	0	1	1	2	4	160	360	0	0	1
1	1	3	1	0	9	1	128	180	1	1	1
1	1	0	1	0	3	3	153	360	1	2	1
0	0	1	0	0	6	1	132	360	1	0	1
1	0	0	1	0	6	1	98	360	0	0	0
1	0	0	1	0	6	1	140	360	1	2	1
1	1	3	0	0	2	3	70	180	0	1	0
0	1	0	1	0	10	1	110	360	1	0	1
0	1	2	0	0	1	3	98	360	1	0	1
1	1	0	1	0	6	3	110	360	1	1	0
1	1	1	1	1	3	3	162	360	1	0	1
1	1	1	0	0	2	3	113	180	0	2	0
1	1	3	1	0	6	1	100	360	1	0	1
0	0	0	1	1	2	1	93	360	0	1	1
1	0	2	1	0	6	4	162	360	1	2	1
1	1	2	1	1	10	3	150	360	1	2	1
1	1	2	1	0	6	3	230	300	1	0	1
0	1	2	1	0	2	3	132	360	0	0	0
1	1	1	1	1	10	3	86	360	1	0	1
1	1	2	1	0	2	3		360	1	1	0
0	0	0	0	0	6	1	154	360	1	2	1
1	1	3	0	0	3	1	113	360	1	2	1
1	1	0	1	0	2	4	128	360	1	0	1
1	1	0	1	0	10	1	234	360	1	0	1
1	1	2	1	0	9	1	246	360	1	0	1
1	1	1	0	0	1	3	131	360	1	2	1
1	0	2	1	0	3	1	80	360	0	2	0
1	1	1	1	0	10	1	500	360	1	1	0
1	1	2	1	1	6	3	160	360	1	0	1
1	0	0	1	0	2	1	75	360	1	1	0
1	0	0	0	0	2	3	96	360	0	0	1
1	1	1	0	0	6	3	186	360	0	1	1
1	0	0	0	0	3	1	110	360	1	2	1
0	0	0	0	1	10	1	225	360	1	0	1
1	1	0	1	0	3	3	119	360	0	2	0
0	1	1	1	0	3	2	105	84	1	0	1
1	1	0	0	0	2	3	107	360	1	2	1
1	1	0	1	0	6	3	111	12	0	1	1
1	1	1	1	1	2	1	95	360	1	0	1
1	0	0	1	0	6	4	209	360	0	2	0
0	0	0	1	0	1	4	113	480	1	2	1
0	0	0	1	0	3	1	100	360	1	0	1
1	1	2	1	0	6	5	208	360	1	0	1
1	1	1	0	0	6	5	138	360	0	2	0
1	1	0	0	0	3	3	124	300	1	0	1
1	1	2	1	0	3	4	243	360	1	2	1
1	1	0	1	0	10	5	480	360	0	1	1
0	0	0	1	0	3	1	96	360	1	1	0
1	1	0	1	1	2	4	188	360	1	1	1
0	0	1	1	0	10	1	40	360	1	1	1
1	0	0	0	0	3	3	100	360	1	2	0
1	1	1	1	0	6	3	250	360	1	0	1
1	1	2	1	0	3	3	148	360	1	1	1
1	1	0	1	0	2	5	70	180	1	0	0
1	0	0	1	0	6	4	311	360	1	2	0
1	1	3	1	0	3	4	150	360	1	2	1
0	1	2	1	0	2	3	113	480	1	0	1
1	1	0	0	0	3	3	123	360	0	0	0
1	0	0	1	0	6	3	185	360	1	0	0
0	0	0	0	0	3	1	95	360	1	2	0
1	1	2	0	0	2	3	45	360	1	0	1
1	0	0	1	0	2	1	55	360	1	0	1
1	1	3	1	1	6	3	100	360	1	2	1
1	1	2	1	1	9	5	480	360	1	2	1
1	0	0	1	0	6	3		360	1	0	0
1	1	2	1	1	10	1	400	360	1	2	1
1	1	0	1	0	3	1	110	360	1	0	1
1	1	1	0	0	6	3	161	360	0	0	1
1	0	1	0	0	2	3	94	360	1	0	1
1	0	0	0	0	6	1	130	360	1	0	1
1	1	0	1	0	1	5	216	360	0	2	1
1	1	3	1	0	6	1	100	360	1	1	1
1	0	2	1	0	3	1	110	360	0	2	0
1	0	1	1	0	10	1	196	360	0	0	0
0	0	0	0	1	10	1	125	360	1	1	1
1	0	0	0	0	2	3	126	360	1	2	1
1	1	0	1	0	6	4	324	360	1	1	1
1	0	2	1	0	3	1	107	360	1	0	1
1	1	0	0	0	2	2	66	360	1	2	0
1	1	3	1	0	6	1	157	180	1	2	1
0	1	1	1	0	6	3	140	180	1	0	1
0	0	0	1	0	2	1	99	360	0	0	0
0	0	1	1	0	3	1	95	360	1	0	1
1	1	1	0	0	2	3	128	360	1	1	1
0	1	0	0	0	3	2	102	360	0	0	1
1	1	0	1	0	2	3	155	360	1	2	1
1	0	0	0	0	3	1	80	36	1	0	0
1	0	0	1	0	2	3	145	360	1	2	1
0	0	0	1	0	6	1	103	360	0	0	0
1	1	0	1	0	2	3	110	360	1	2	1
1	1	2	1	1	6	1		360	0	2	0
1	1	1	0	0	2	3		360	1	2	1
1	1	1	1	0	3	4	158	360	1	1	1
1	1	0	0	0	2	3	181	360	0	1	0
1	1	0	1	0	3	4	132	180	0	2	0
1	1	1	1	0	6	3	26	360	1	0	1
0	0	0	1	0	2	3	84	360	0	1	1
1	1	3	1	1	10	1	260	360	1	0	1
1	1	0	1	0	3	3	162	360	1	0	1
0	1	0	1	0	6	3	182	360	1	0	1
1	1	2	0	0	3	2	108	360	1	0	1
0	1	1	1	1	10	1	600	360	1	0	1
1	1	0	1	0	6	3	211	360	1	2	1
1	0	0	0	1	6	1	132	360	1	0	1
1	1	2	1	0	9	1	258	360	0	1	0
1	1	0	0	0	6	1	120	360	0	2	1
1	0	0	1	0	3	1	70	360	1	1	1
1	1	3	1	0	3	3	123	360	0	2	0
0	0	0	1	0	2	1	9	360	1	1	0
1	1	0	1	0	3	3	104	360	0	1	0
1	1	1	1	0	3	3	186	360	1	1	1
1	1	0	1	0	6	3	165	360	0	1	0
1	1	2	1	0	10	1	275	360	1	1	1
1	1	2	0	0	6	3	187	480	1	0	0
1	1	3	1	0	6	1	150	360	1	0	0
1	1	2	1	0	3	2	108	84	1	1	1
0	1	0	1	0	3	3	136	360	0	0	0
1	0	0	1	0	3	3	110	360	1	1	1
1	1	1	1	0	1	3	107	360	1	2	1
1	0	0	1	0	3	3	161	360	1	1	1
1	1	2	1	0	6	1	205	360	1	0	1
1	0	0	1	0	1	6	90	360	1	1	0
0	1	0	1	0	3	1	36	360	1	0	1
1	1	1	1	0	1	1	61	360	0	2	0
1	1	1	1	0	2	3	146	360	0	2	0
1	1	1	1	0	6	4	172	84	1	2	0
1	1	0	1	0	2	3	104	360	1	1	1
0	0	0	0	0	2	1	70	360	1	0	1
0	0	0	1	0	6	1	94	360	1	0	1
1	1	2	1	1	2	1	106	360	0	0	0
1	1	0	1	0	3	4	56	180	1	0	1
1	1	2	1	1	6	1	205	240	1	0	0
0	0	3	1	1	9	1	292	360	1	0	1
1	1	0	1	0	3	4	142	180	1	2	1
1	1	0	1	1	10	1	260	360	1	1	1
1	0	0	0	0	3	1	110	360	1	2	1
1	1	2	0	1	6	3	187	360	1	2	0
1	0	0	1	0	2	1	88	360	0	0	0
1	1	0	1	1	9	1	180	360	1	2	1
1	1	2	1	0	6	1	192	360	1	1	1
0	0	3	1	0	1	6	350	180	0	1	0
1	1	0	0	0	2	3	155	360	1	2	1
1	1	3	1	0	6	1	128	360	1	1	1
1	0	0	1	0	3	4	172	360	1	2	1
0	1	1	1	0	10	1	496	360	1	0	1
1	1	0	0	0	2	4		180	1	1	0
1	1	1	1	0	3	3	173	360	1	0	1
1	1	2	0	0	3	3	157	360	1	2	1
1	1	0	1	0	3	3	108	360	1	2	1
0	0	0	1	0	2	1	71	360	1	2	1
1	1	3	1	0	6	1	40	180	1	2	1
1	1	1	1	0	9	2	253	360	1	1	1
1	1	2	1	0	9	1	187	360	1	1	1
0	0	0	1	1	6	1	133	360	0	0	0
